    0 103.262931
    1 124.428960
    2 156.253090
    3 179.427535
    4 195.039719
    5 206.527495
    6 215.775660
    7 223.518625
    8 230.036105
    9 235.527780
   10 240.193403
   11 244.215317
   12 247.744075
   13 250.886114
   14 253.706581
   15 256.235162
   16 258.474632
   17 260.419300
   18 262.060717
   19 263.389227
   20 264.409490
   21 265.130927
   22 265.572040
   23 265.757961
   24 265.721785
   25 265.498260
   26 265.124174
   27 264.634210
   28 264.055421
   29 263.415105
   30 262.732267
   31 262.023174
   32 261.297439
   33 260.563472
   34 259.826237
   35 259.084172
   36 258.341454
   37 257.595876
   38 256.846176
   39 256.092266
   40 255.332427
   41 254.565408
   42 253.789915
   43 253.006666
   44 252.213032
   45 251.408664
   46 250.595156
   47 249.772297
   48 248.939204
   49 248.096487
   50 247.244505
   51 246.384221
   52 245.514878
   53 244.636977
   54 243.751586
   55 242.859658
   56 241.961636
   57 241.058565
   58 240.151648
   59 239.242467
   60 238.333490
   61 237.424983
   62 236.517281
   63 235.612234
   64 234.710136
   65 233.811470
   66 232.916012
   67 232.024475
   68 231.136116
   69 230.250507
   70 229.366276
   71 228.482128
   72 227.596973
   73 226.710030
   74 225.819730
   75 224.924879
   76 224.023808
   77 223.115625
   78 222.199176
   79 221.274440
   80 220.341147
   81 219.399252
   82 218.449410
   83 217.491901
   84 216.527493
   85 215.557632
   86 214.583944
   87 213.607559
   88 212.629717
   89 211.651491
   90 210.673650
   91 209.697913
   92 208.725227
   93 207.756240
   94 206.791908
   95 205.832787
   96 204.879063
   97 203.930743
   98 202.987486
   99 202.049056
  100 201.114789
  101 200.183833
  102 199.255901
  103 198.330610
  104 197.407258
  105 196.485329
  106 195.564327
  107 194.643751
  108 193.723207
  109 192.802566
  110 191.881591
  111 190.960722
  112 190.039677
  113 189.118961
  114 188.199201
  115 187.280755
  116 186.363971
  117 185.449815
  118 184.538963
  119 183.632032
  120 182.729624
  121 181.832349
  122 180.940726
  123 180.055183
  124 179.176149
  125 178.303947
  126 177.438794
  127 176.580473
  128 175.729242
  129 174.884743
  130 174.047460
  131 173.217293
  132 172.393713
  133 171.576706
  134 170.765967
  135 169.961106
  136 169.161690
  137 168.367288
  138 167.577510
  139 166.791894
  140 166.010134
  141 165.231887
  142 164.456816
  143 163.684629
  144 162.915068
  145 162.147913
  146 161.382975
  147 160.620218
  148 159.859215
  149 159.100192
  150 158.342607
  151 157.587032
  152 156.833613
  153 156.082400
  154 155.333536
  155 154.587105
  156 153.843195
  157 153.101914
  158 152.363422
  159 151.627869
  160 150.895374
  161 150.166058
  162 149.440122
  163 148.717702
  164 147.998944
  165 147.283925
  166 146.572848
  167 145.865836
  168 145.163086
  169 144.464826
  170 143.771221
  171 143.082287
  172 142.398153
  173 141.718494
  174 141.043586
  175 140.373647
  176 139.708986
  177 139.049717
  178 138.395904
  179 137.747613
  180 137.104893
  181 136.467782
  182 135.836310
  183 135.210481
  184 134.590272
  185 133.975741
  186 133.366862
  187 132.763617
  188 132.165709
  189 131.573415
  190 130.986710
  191 130.405511
  192 129.829801
  193 129.259529
  194 128.694617
  195 128.134991
  196 127.580576
  197 127.031292
  198 126.487059
  199 125.947842
  200 125.413503
  201 124.883963
  202 124.359130
  203 123.838329
  204 123.322086
  205 122.810500
  206 122.303327
  207 121.800472
  208 121.301825
  209 120.807274
  210 120.316745
  211 119.830162
  212 119.347413
  213 118.868253
  214 118.392529
  215 117.920393
  216 117.451734
  217 116.986444
  218 116.524409
  219 116.065519
  220 115.609655
  221 115.156707
  222 114.706564
  223 114.259113
  224 113.814239
  225 113.371822
  226 112.931754
  227 112.493929
  228 112.058235
  229 111.624557
  230 111.192797
  231 110.762853
  232 110.334622
  233 109.908007
  234 109.482909
  235 109.059057
  236 108.636080
  237 108.214413
  238 107.793967
  239 107.374656
  240 106.956396
  241 106.539105
  242 106.122713
  243 105.707162
  244 105.292361
  245 104.878235
  246 104.464704
  247 104.051695
  248 103.639133
  249 103.226961
  250 102.815114
  251 102.403531
  252 101.992153
  253 101.580921
  254 101.169780
  255 100.758676
  256 100.347558
  257 99.936381
  258 99.525095
  259 99.113654
  260 98.702014
  261 98.290298
  262 97.878385
  263 97.466144
  264 97.053544
  265 96.640425
  266 96.226855
  267 95.812863
  268 95.398434
  269 94.983139
  270 94.567347
  271 94.151101
  272 93.734380
  273 93.317169
  274 92.899453
  275 92.481213
  276 92.062436
  277 91.643113
  278 91.223235
  279 90.802799
  280 90.381807
  281 89.960251
  282 89.538135
  283 89.115459
  284 88.692241
  285 88.268474
  286 87.844167
  287 87.419329
  288 86.993971
  289 86.568101
  290 86.141740
  291 85.714903
  292 85.287608
  293 84.859872
  294 84.431710
  295 84.003141
  296 83.574190
  297 83.144879
  298 82.715230
  299 82.285266
  300 81.855012
  301 81.424257
  302 80.993162
  303 80.561888
  304 80.130461
  305 79.698906
  306 79.267250
  307 78.835519
  308 78.403741
  309 77.971943
  310 77.540152
  311 77.108395
  312 76.676700
  313 76.245094
  314 75.813614
  315 75.382290
  316 74.951139
  317 74.520189
  318 74.089468
  319 73.659003
  320 73.228822
  321 72.798952
  322 72.369422
  323 71.940264
  324 71.511512
  325 71.083178
  326 70.655290
  327 70.227875
  328 69.800961
  329 69.374574
  330 68.948742
  331 68.523244
  332 68.098333
  333 67.674079
  334 67.250508
  335 66.827643
  336 66.405510
  337 65.984135
  338 65.563530
  339 65.143733
  340 64.724770
  341 64.306663
  342 63.889439
  343 63.473123
  344 63.057742
  345 62.643319
  346 62.229879
  347 61.817447
  348 61.406073
  349 60.995767
  350 60.586540
  351 60.178416
  352 59.771425
  353 59.365591
  354 58.960942
  355 58.557504
  356 58.155304
  357 57.754365
  358 57.354575
  359 56.956001
  360 56.558792
  361 56.162976
  362 55.768577
  363 55.375626
  364 54.984157
  365 54.594196
  366 54.205825
  367 53.819029
  368 53.433853
  369 53.050316
  370 52.668428
  371 52.288223
  372 51.909734
  373 51.532995
  374 51.158040
  375 50.784903
  376 50.413620
  377 50.044228
  378 49.676761
  379 49.311258
  380 48.947755
  381 48.586290
  382 48.226879
  383 47.869399
  384 47.514115
  385 47.161039
  386 46.810211
  387 46.461670
  388 46.115456
  389 45.771611
  390 45.430174
  391 45.091187
  392 44.754691
  393 44.420743
  394 44.089413
  395 43.760698
  396 43.434640
  397 43.111282
  398 42.790668
  399 42.472868
  400 42.157927
  401 41.845874
  402 41.536741
  403 41.230454
  404 40.927072
  405 40.626746
  406 40.329518
  407 40.035432
  408 39.744526
  409 39.456843
  410 39.172424
  411 38.891310
  412 38.613540
  413 38.339154
  414 38.068191
  415 37.800689
  416 37.536687
  417 37.276219
  418 37.019323
  419 36.766034
  420 36.516251
  421 36.270108
  422 36.027685
  423 35.789011
  424 35.554106
  425 35.323007
  426 35.095740
  427 34.872332
  428 34.652806
  429 34.437184
  430 34.225486
  431 34.017732
  432 33.813937
  433 33.613991
  434 33.418020
  435 33.226062
  436 33.038125
  437 32.854218
  438 32.674341
  439 32.498504
  440 32.326710
  441 32.158954
  442 31.995144
  443 31.835344
  444 31.679587
  445 31.527864
  446 31.380164
  447 31.236436
  448 31.096627
  449 30.960768
  450 30.828859
  451 30.700898
  452 30.576861
  453 30.456720
  454 30.340445
  455 30.228005
  456 30.119356
  457 30.014472
  458 29.913315
  459 29.815845
  460 29.722021
  461 29.631802
  462 29.545133
  463 29.461968
  464 29.382263
  465 29.305967
  466 29.233027
  467 29.163383
  468 29.096985
  469 29.033777
  470 28.973702
  471 28.916700
  472 28.862710
  473 28.811669
  474 28.763515
  475 28.718182
  476 28.675606
  477 28.635721
  478 28.598460
  479 28.563756
  480 28.531541
  481 28.501747
  482 28.474305
  483 28.449146
  484 28.426200
  485 28.405399
  486 28.386673
  487 28.369953
  488 28.355168
  489 28.342249
  490 28.331126
  491 28.321729
  492 28.313992
  493 28.307845
  494 28.303220
  495 28.300050
  496 28.298268
  497 28.297808
  498 28.298603
  499 28.300588
  500 28.303699
  501 28.307872
  502 28.313043
  503 28.319123
  504 28.326078
  505 28.333849
  506 28.342378
  507 28.351605
  508 28.361473
  509 28.371923
  510 28.382897
  511 28.394345
  512 28.406212
  513 28.418449
  514 28.431000
  515 28.443816
  516 28.456847
  517 28.470044
  518 28.483361
  519 28.496751
  520 28.510169
  521 28.523572
  522 28.536917
  523 28.550161
  524 28.563266
  525 28.576191
  526 28.588898
  527 28.601350
  528 28.613511
  529 28.625346
  530 28.636820
  531 28.647900
  532 28.658559
  533 28.668762
  534 28.678479
  535 28.687679
  536 28.696335
  537 28.704420
  538 28.711907
  539 28.718772
  540 28.724989
  541 28.730535
  542 28.735389
  543 28.739527
  544 28.742931
  545 28.745579
  546 28.747453
  547 28.748535
  548 28.748800
  549 28.748238
  550 28.746836
  551 28.744579
  552 28.741452
  553 28.737444
  554 28.732540
  555 28.726727
  556 28.719996
  557 28.712333
  558 28.703731
  559 28.694184
  560 28.683683
  561 28.672221
  562 28.659791
  563 28.646382
  564 28.631991
  565 28.616413
  566 28.599791
  567 28.582195
  568 28.563621
  569 28.544068
  570 28.523534
  571 28.502020
  572 28.479525
  573 28.456040
  574 28.431574
  575 28.406129
  576 28.379704
  577 28.352303
  578 28.323926
  579 28.294575
  580 28.264253
  581 28.232962
  582 28.200704
  583 28.167483
  584 28.133293
  585 28.098146
  586 28.062046
  587 28.024997
  588 27.987003
  589 27.948068
  590 27.908198
  591 27.867397
  592 27.825671
  593 27.783025
  594 27.739459
  595 27.694983
  596 27.649605
  597 27.603333
  598 27.556174
  599 27.508135
  600 27.459225
  601 27.409450
  602 27.358814
  603 27.307327
  604 27.255003
  605 27.201849
  606 27.147875
  607 27.093089
  608 27.037497
  609 26.981113
  610 26.923947
  611 26.866011
  612 26.807316
  613 26.747872
  614 26.687691
  615 26.626783
  616 26.565159
  617 26.502831
  618 26.439809
  619 26.376106
  620 26.311731
  621 26.246698
  622 26.181025
  623 26.114730
  624 26.047810
  625 25.980279
  626 25.912147
  627 25.843426
  628 25.774128
  629 25.704264
  630 25.633845
  631 25.562887
  632 25.491397
  633 25.419388
  634 25.346867
  635 25.273849
  636 25.200344
  637 25.126367
  638 25.051926
  639 24.977035
  640 24.901703
  641 24.825941
  642 24.749762
  643 24.673176
  644 24.596193
  645 24.518826
  646 24.441084
  647 24.362978
  648 24.284520
  649 24.205721
  650 24.126590
  651 24.047139
  652 23.967378
  653 23.887318
  654 23.806970
  655 23.726344
  656 23.645449
  657 23.564298
  658 23.482900
  659 23.401265
  660 23.319403
  661 23.237324
  662 23.155039
  663 23.072556
  664 22.989887
  665 22.907040
  666 22.824025
  667 22.740852
  668 22.657532
  669 22.574071
  670 22.490480
  671 22.406767
  672 22.322942
  673 22.239013
  674 22.154988
  675 22.070878
  676 21.986690
  677 21.902433
  678 21.818114
  679 21.733743
  680 21.649328
  681 21.564876
  682 21.480395
  683 21.395892
  684 21.311377
  685 21.226857
  686 21.142338
  687 21.057830
  688 20.973339
  689 20.888872
  690 20.804436
  691 20.720039
  692 20.635688
  693 20.551389
  694 20.467150
  695 20.382976
  696 20.298875
  697 20.214853
  698 20.130916
  699 20.047072
  700 19.963325
  701 19.879682
  702 19.796149
  703 19.712733
  704 19.629438
  705 19.546272
  706 19.463238
  707 19.380344
  708 19.297595
  709 19.214995
  710 19.132552
  711 19.050268
  712 18.968151
  713 18.886205
  714 18.804434
  715 18.722845
  716 18.641442
  717 18.560230
  718 18.479212
  719 18.398396
  720 18.317783
  721 18.237381
  722 18.157191
  723 18.077220
  724 17.997471
  725 17.917949
  726 17.838658
  727 17.759601
  728 17.680783
  729 17.602208
  730 17.523880
  731 17.445804
  732 17.367982
  733 17.290418
  734 17.213115
  735 17.136078
  736 17.059310
  737 16.982814
  738 16.906594
  739 16.830652
  740 16.754993
  741 16.679619
  742 16.604534
  743 16.529741
  744 16.455242
  745 16.381041
  746 16.307141
  747 16.233543
  748 16.160252
  749 16.087270
  750 16.014600
  751 15.942244
  752 15.870205
  753 15.798485
  754 15.727087
  755 15.656013
  756 15.585266
  757 15.514845
  758 15.444753
  759 15.374995
  760 15.305571
  761 15.236485
  762 15.167739
  763 15.099334
  764 15.031272
  765 14.963556
  766 14.896188
  767 14.829169
  768 14.762501
  769 14.696186
  770 14.630226
  771 14.564622
  772 14.499377
  773 14.434491
  774 14.369966
  775 14.305804
  776 14.242005
  777 14.178572
  778 14.115504
  779 14.052805
  780 13.990473
  781 13.928512
  782 13.866921
  783 13.805701
  784 13.744854
  785 13.684382
  786 13.624284
  787 13.564561
  788 13.505214
  789 13.446244
  790 13.387650
  791 13.329434
  792 13.271596
  793 13.214136
  794 13.157056
  795 13.100355
  796 13.044033
  797 12.988091
  798 12.932530
  799 12.877348
  800 12.822543
  801 12.768119
  802 12.714075
  803 12.660411
  804 12.607128
  805 12.554225
  806 12.501703
  807 12.449561
  808 12.397800
  809 12.346418
  810 12.295416
  811 12.244792
  812 12.194547
  813 12.144680
  814 12.095191
  815 12.046077
  816 11.997340
  817 11.948976
  818 11.900987
  819 11.853370
  820 11.806125
  821 11.759251
  822 11.712746
  823 11.666609
  824 11.620840
  825 11.575437
  826 11.530399
  827 11.485724
  828 11.441412
  829 11.397460
  830 11.353868
  831 11.310634
  832 11.267757
  833 11.225235
  834 11.183067
  835 11.141251
  836 11.099786
  837 11.058670
  838 11.017900
  839 10.977475
  840 10.937394
  841 10.897655
  842 10.858255
  843 10.819193
  844 10.780466
  845 10.742073
  846 10.704011
  847 10.666278
  848 10.628872
  849 10.591791
  850 10.555032
  851 10.518593
  852 10.482473
  853 10.446668
  854 10.411177
  855 10.375997
  856 10.341125
  857 10.306561
  858 10.272300
  859 10.238340
  860 10.204680
  861 10.171316
  862 10.138245
  863 10.105466
  864 10.072976
  865 10.040772
  866 10.008851
  867 9.977211
  868 9.945849
  869 9.914762
  870 9.883948
  871 9.853403
  872 9.823125
  873 9.793112
  874 9.763361
  875 9.733868
  876 9.704632
  877 9.675649
  878 9.646917
  879 9.618432
  880 9.590193
  881 9.562195
  882 9.534436
  883 9.506914
  884 9.479625
  885 9.452566
  886 9.425735
  887 9.399129
  888 9.372745
  889 9.346580
  890 9.320630
  891 9.294894
  892 9.269368
  893 9.244050
  894 9.218936
  895 9.194023
  896 9.169310
  897 9.144792
  898 9.120467
  899 9.096332
  900 9.072385
  901 9.048621
  902 9.025040
  903 9.001637
  904 8.978409
  905 8.955355
  906 8.932472
  907 8.909755
  908 8.887204
  909 8.864814
  910 8.842583
  911 8.820509
  912 8.798589
  913 8.776819
  914 8.755198
  915 8.733723
  916 8.712390
  917 8.691198
  918 8.670144
  919 8.649224
  920 8.628438
  921 8.607781
  922 8.587252
  923 8.566847
  924 8.546565
  925 8.526403
  926 8.506358
  927 8.486429
  928 8.466612
  929 8.446905
  930 8.427306
  931 8.407812
  932 8.388422
  933 8.369132
  934 8.349941
  935 8.330846
  936 8.311845
  937 8.292936
  938 8.274116
  939 8.255384
  940 8.236737
  941 8.218173
  942 8.199691
  943 8.181287
  944 8.162960
  945 8.144707
  946 8.126528
  947 8.108420
  948 8.090380
  949 8.072407
  950 8.054499
  951 8.036655
  952 8.018872
  953 8.001148
  954 7.983482
  955 7.965872
  956 7.948315
  957 7.930810
  958 7.913356
  959 7.895951
  960 7.878593
  961 7.861280
  962 7.844011
  963 7.826785
  964 7.809599
  965 7.792452
  966 7.775343
  967 7.758269
  968 7.741230
  969 7.724225
  970 7.707250
  971 7.690306
  972 7.673391
  973 7.656503
  974 7.639640
  975 7.622803
  976 7.605989
  977 7.589196
  978 7.572425
  979 7.555673
  980 7.538939
  981 7.522222
  982 7.505521
  983 7.488835
  984 7.472162
  985 7.455502
  986 7.438853
  987 7.422214
  988 7.405584
  989 7.388962
  990 7.372348
  991 7.355739
  992 7.339135
  993 7.322535
  994 7.305938
  995 7.289344
  996 7.272752
  997 7.256159
  998 7.239567
  999 7.222973
 1000 7.206377
 1001 7.189778
 1002 7.173175
 1003 7.156568
 1004 7.139956
 1005 7.123338
 1006 7.106713
 1007 7.090082
 1008 7.073443
 1009 7.056796
 1010 7.040140
 1011 7.023474
 1012 7.006797
 1013 6.990110
 1014 6.973412
 1015 6.956701
 1016 6.939978
 1017 6.923241
 1018 6.906491
 1019 6.889727
 1020 6.872948
 1021 6.856154
 1022 6.839344
 1023 6.822517
 1024 6.805675
 1025 6.788815
 1026 6.771938
 1027 6.755044
 1028 6.738131
 1029 6.721200
 1030 6.704250
 1031 6.687282
 1032 6.670294
 1033 6.653286
 1034 6.636258
 1035 6.619211
 1036 6.602142
 1037 6.585054
 1038 6.567944
 1039 6.550814
 1040 6.533663
 1041 6.516490
 1042 6.499296
 1043 6.482080
 1044 6.464841
 1045 6.447580
 1046 6.430297
 1047 6.412992
 1048 6.395665
 1049 6.378316
 1050 6.360946
 1051 6.343554
 1052 6.326140
 1053 6.308706
 1054 6.291250
 1055 6.273773
 1056 6.256276
 1057 6.238758
 1058 6.221219
 1059 6.203659
 1060 6.186078
 1061 6.168475
 1062 6.150850
 1063 6.133205
 1064 6.115537
 1065 6.097848
 1066 6.080137
 1067 6.062404
 1068 6.044650
 1069 6.026875
 1070 6.009079
 1071 5.991261
 1072 5.973422
 1073 5.955563
 1074 5.937683
 1075 5.919783
 1076 5.901863
 1077 5.883923
 1078 5.865963
 1079 5.847984
 1080 5.829986
 1081 5.811969
 1082 5.793934
 1083 5.775881
 1084 5.757810
 1085 5.739721
 1086 5.721615
 1087 5.703492
 1088 5.685353
 1089 5.667197
 1090 5.649026
 1091 5.630840
 1092 5.612638
 1093 5.594423
 1094 5.576196
 1095 5.557955
 1096 5.539701
 1097 5.521434
 1098 5.503154
 1099 5.484862
 1100 5.466558
 1101 5.448243
 1102 5.429917
 1103 5.411580
 1104 5.393234
 1105 5.374878
 1106 5.356512
 1107 5.338138
 1108 5.319756
 1109 5.301367
 1110 5.282970
 1111 5.264566
 1112 5.246157
 1113 5.227742
 1114 5.209322
 1115 5.190897
 1116 5.172469
 1117 5.154037
 1118 5.135602
 1119 5.117165
 1120 5.098726
 1121 5.080286
 1122 5.061845
 1123 5.043404
 1124 5.024964
 1125 5.006525
 1126 4.988087
 1127 4.969652
 1128 4.951219
 1129 4.932790
 1130 4.914365
 1131 4.895944
 1132 4.877529
 1133 4.859119
 1134 4.840716
 1135 4.822319
 1136 4.803930
 1137 4.785549
 1138 4.767177
 1139 4.748814
 1140 4.730461
 1141 4.712119
 1142 4.693787
 1143 4.675468
 1144 4.657160
 1145 4.638866
 1146 4.620585
 1147 4.602319
 1148 4.584067
 1149 4.565831
 1150 4.547611
 1151 4.529408
 1152 4.511222
 1153 4.493054
 1154 4.474904
 1155 4.456774
 1156 4.438664
 1157 4.420574
 1158 4.402505
 1159 4.384457
 1160 4.366432
 1161 4.348430
 1162 4.330451
 1163 4.312496
 1164 4.294566
 1165 4.276662
 1166 4.258784
 1167 4.240932
 1168 4.223108
 1169 4.205311
 1170 4.187543
 1171 4.169803
 1172 4.152094
 1173 4.134414
 1174 4.116766
 1175 4.099149
 1176 4.081564
 1177 4.064013
 1178 4.046495
 1179 4.029011
 1180 4.011562
 1181 3.994148
 1182 3.976770
 1183 3.959429
 1184 3.942125
 1185 3.924858
 1186 3.907630
 1187 3.890440
 1188 3.873290
 1189 3.856180
 1190 3.839110
 1191 3.822082
 1192 3.805095
 1193 3.788150
 1194 3.771248
 1195 3.754390
 1196 3.737575
 1197 3.720805
 1198 3.704080
 1199 3.687401
 1200 3.670768
 1201 3.654181
 1202 3.637642
 1203 3.621150
 1204 3.604707
 1205 3.588313
 1206 3.571968
 1207 3.555674
 1208 3.539429
 1209 3.523236
 1210 3.507094
 1211 3.491005
 1212 3.474968
 1213 3.458984
 1214 3.443053
 1215 3.427177
 1216 3.411354
 1217 3.395587
 1218 3.379876
 1219 3.364220
 1220 3.348621
 1221 3.333079
 1222 3.317594
 1223 3.302167
 1224 3.286799
 1225 3.271489
 1226 3.256239
 1227 3.241048
 1228 3.225917
 1229 3.210847
 1230 3.195838
 1231 3.180891
 1232 3.166005
 1233 3.151181
 1234 3.136420
 1235 3.121721
 1236 3.107086
 1237 3.092515
 1238 3.078008
 1239 3.063565
 1240 3.049187
 1241 3.034874
 1242 3.020627
 1243 3.006446
 1244 2.992332
 1245 2.978284
 1246 2.964303
 1247 2.950389
 1248 2.936543
 1249 2.922765
 1250 2.909056
 1251 2.895415
 1252 2.881844
 1253 2.868341
 1254 2.854909
 1255 2.841546
 1256 2.828253
 1257 2.815031
 1258 2.801880
 1259 2.788800
 1260 2.775791
 1261 2.762853
 1262 2.749988
 1263 2.737194
 1264 2.724472
 1265 2.711824
 1266 2.699247
 1267 2.686744
 1268 2.674314
 1269 2.661957
 1270 2.649673
 1271 2.637463
 1272 2.625327
 1273 2.613266
 1274 2.601278
 1275 2.589365
 1276 2.577526
 1277 2.565762
 1278 2.554073
 1279 2.542459
 1280 2.530920
 1281 2.519457
 1282 2.508068
 1283 2.496755
 1284 2.485518
 1285 2.474356
 1286 2.463270
 1287 2.452260
 1288 2.441326
 1289 2.430468
 1290 2.419685
 1291 2.408979
 1292 2.398349
 1293 2.387795
 1294 2.377317
 1295 2.366916
 1296 2.356591
 1297 2.346342
 1298 2.336169
 1299 2.326073
 1300 2.316053
 1301 2.306109
 1302 2.296241
 1303 2.286450
 1304 2.276735
 1305 2.267096
 1306 2.257533
 1307 2.248046
 1308 2.238635
 1309 2.229300
 1310 2.220040
 1311 2.210857
 1312 2.201749
 1313 2.192717
 1314 2.183760
 1315 2.174878
 1316 2.166072
 1317 2.157341
 1318 2.148684
 1319 2.140103
 1320 2.131596
 1321 2.123164
 1322 2.114806
 1323 2.106522
 1324 2.098312
 1325 2.090176
 1326 2.082114
 1327 2.074125
 1328 2.066210
 1329 2.058367
 1330 2.050598
 1331 2.042901
 1332 2.035276
 1333 2.027724
 1334 2.020243
 1335 2.012834
 1336 2.005497
 1337 1.998230
 1338 1.991035
 1339 1.983910
 1340 1.976856
 1341 1.969871
 1342 1.962957
 1343 1.956111
 1344 1.949335
 1345 1.942628
 1346 1.935989
 1347 1.929419
 1348 1.922916
 1349 1.916481
 1350 1.910113
 1351 1.903812
 1352 1.897578
 1353 1.891409
 1354 1.885307
 1355 1.879270
 1356 1.873298
 1357 1.867390
 1358 1.861547
 1359 1.855768
 1360 1.850052
 1361 1.844399
 1362 1.838809
 1363 1.833282
 1364 1.827816
 1365 1.822412
 1366 1.817068
 1367 1.811786
 1368 1.806563
 1369 1.801400
 1370 1.796297
 1371 1.791253
 1372 1.786267
 1373 1.781338
 1374 1.776468
 1375 1.771654
 1376 1.766898
 1377 1.762197
 1378 1.757552
 1379 1.752962
 1380 1.748427
 1381 1.743946
 1382 1.739519
 1383 1.735145
 1384 1.730824
 1385 1.726556
 1386 1.722339
 1387 1.718174
 1388 1.714059
 1389 1.709995
 1390 1.705981
 1391 1.702016
 1392 1.698100
 1393 1.694232
 1394 1.690412
 1395 1.686640
 1396 1.682914
 1397 1.679235
 1398 1.675601
 1399 1.672013
 1400 1.668470
 1401 1.664971
 1402 1.661516
 1403 1.658104
 1404 1.654735
 1405 1.651408
 1406 1.648123
 1407 1.644879
 1408 1.641676
 1409 1.638514
 1410 1.635390
 1411 1.632306
 1412 1.629261
 1413 1.626254
 1414 1.623285
 1415 1.620352
 1416 1.617457
 1417 1.614597
 1418 1.611773
 1419 1.608984
 1420 1.606230
 1421 1.603510
 1422 1.600824
 1423 1.598171
 1424 1.595550
 1425 1.592961
 1426 1.590404
 1427 1.587879
 1428 1.585384
 1429 1.582919
 1430 1.580483
 1431 1.578077
 1432 1.575700
 1433 1.573350
 1434 1.571029
 1435 1.568735
 1436 1.566467
 1437 1.564226
 1438 1.562011
 1439 1.559821
 1440 1.557656
 1441 1.555516
 1442 1.553399
 1443 1.551306
 1444 1.549236
 1445 1.547189
 1446 1.545164
 1447 1.543161
 1448 1.541179
 1449 1.539218
 1450 1.537277
 1451 1.535356
 1452 1.533455
 1453 1.531573
 1454 1.529710
 1455 1.527865
 1456 1.526038
 1457 1.524228
 1458 1.522436
 1459 1.520660
 1460 1.518900
 1461 1.517156
 1462 1.515428
 1463 1.513715
 1464 1.512016
 1465 1.510332
 1466 1.508662
 1467 1.507005
 1468 1.505361
 1469 1.503730
 1470 1.502112
 1471 1.500506
 1472 1.498911
 1473 1.497328
 1474 1.495755
 1475 1.494194
 1476 1.492642
 1477 1.491101
 1478 1.489569
 1479 1.488046
 1480 1.486533
 1481 1.485028
 1482 1.483531
 1483 1.482042
 1484 1.480561
 1485 1.479087
 1486 1.477621
 1487 1.476160
 1488 1.474706
 1489 1.473259
 1490 1.471817
 1491 1.470380
 1492 1.468949
 1493 1.467523
 1494 1.466101
 1495 1.464684
 1496 1.463271
 1497 1.461862
 1498 1.460456
 1499 1.459054
 1500 1.457655
 1501 1.456258
 1502 1.454864
 1503 1.453473
 1504 1.452083
 1505 1.450696
 1506 1.449310
 1507 1.447925
 1508 1.446541
 1509 1.445158
 1510 1.443776
 1511 1.442394
 1512 1.441012
 1513 1.439630
 1514 1.438248
 1515 1.436866
 1516 1.435483
 1517 1.434098
 1518 1.432713
 1519 1.431327
 1520 1.429939
 1521 1.428549
 1522 1.427157
 1523 1.425763
 1524 1.424367
 1525 1.422969
 1526 1.421567
 1527 1.420163
 1528 1.418756
 1529 1.417346
 1530 1.415933
 1531 1.414516
 1532 1.413095
 1533 1.411671
 1534 1.410243
 1535 1.408810
 1536 1.407374
 1537 1.405933
 1538 1.404487
 1539 1.403037
 1540 1.401582
 1541 1.400122
 1542 1.398656
 1543 1.397186
 1544 1.395710
 1545 1.394229
 1546 1.392742
 1547 1.391249
 1548 1.389751
 1549 1.388246
 1550 1.386735
 1551 1.385219
 1552 1.383695
 1553 1.382166
 1554 1.380630
 1555 1.379087
 1556 1.377537
 1557 1.375981
 1558 1.374418
 1559 1.372847
 1560 1.371270
 1561 1.369685
 1562 1.368093
 1563 1.366493
 1564 1.364887
 1565 1.363272
 1566 1.361650
 1567 1.360020
 1568 1.358382
 1569 1.356737
 1570 1.355083
 1571 1.353422
 1572 1.351752
 1573 1.350074
 1574 1.348389
 1575 1.346694
 1576 1.344992
 1577 1.343281
 1578 1.341561
 1579 1.339833
 1580 1.338097
 1581 1.336352
 1582 1.334598
 1583 1.332835
 1584 1.331064
 1585 1.329284
 1586 1.327495
 1587 1.325698
 1588 1.323891
 1589 1.322075
 1590 1.320251
 1591 1.318417
 1592 1.316574
 1593 1.314722
 1594 1.312861
 1595 1.310991
 1596 1.309112
 1597 1.307224
 1598 1.305326
 1599 1.303419
 1600 1.301503
 1601 1.299577
 1602 1.297642
 1603 1.295698
 1604 1.293745
 1605 1.291782
 1606 1.289810
 1607 1.287829
 1608 1.285838
 1609 1.283838
 1610 1.281828
 1611 1.279809
 1612 1.277781
 1613 1.275743
 1614 1.273696
 1615 1.271640
 1616 1.269574
 1617 1.267499
 1618 1.265414
 1619 1.263320
 1620 1.261217
 1621 1.259104
 1622 1.256982
 1623 1.254851
 1624 1.252711
 1625 1.250561
 1626 1.248402
 1627 1.246233
 1628 1.244056
 1629 1.241869
 1630 1.239673
 1631 1.237468
 1632 1.235253
 1633 1.233030
 1634 1.230797
 1635 1.228556
 1636 1.226305
 1637 1.224045
 1638 1.221777
 1639 1.219499
 1640 1.217213
 1641 1.214917
 1642 1.212613
 1643 1.210300
 1644 1.207978
 1645 1.205647
 1646 1.203308
 1647 1.200959
 1648 1.198603
 1649 1.196237
 1650 1.193864
 1651 1.191481
 1652 1.189090
 1653 1.186691
 1654 1.184283
 1655 1.181867
 1656 1.179443
 1657 1.177010
 1658 1.174570
 1659 1.172121
 1660 1.169664
 1661 1.167199
 1662 1.164726
 1663 1.162245
 1664 1.159756
 1665 1.157259
 1666 1.154755
 1667 1.152243
 1668 1.149723
 1669 1.147196
 1670 1.144661
 1671 1.142118
 1672 1.139569
 1673 1.137011
 1674 1.134447
 1675 1.131875
 1676 1.129296
 1677 1.126710
 1678 1.124117
 1679 1.121517
 1680 1.118910
 1681 1.116296
 1682 1.113675
 1683 1.111048
 1684 1.108414
 1685 1.105773
 1686 1.103126
 1687 1.100473
 1688 1.097813
 1689 1.095146
 1690 1.092474
 1691 1.089795
 1692 1.087110
 1693 1.084420
 1694 1.081723
 1695 1.079020
 1696 1.076312
 1697 1.073598
 1698 1.070878
 1699 1.068152
 1700 1.065422
 1701 1.062685
 1702 1.059944
 1703 1.057197
 1704 1.054445
 1705 1.051688
 1706 1.048925
 1707 1.046158
 1708 1.043386
 1709 1.040609
 1710 1.037828
 1711 1.035042
 1712 1.032251
 1713 1.029456
 1714 1.026656
 1715 1.023852
 1716 1.021044
 1717 1.018232
 1718 1.015416
 1719 1.012596
 1720 1.009772
 1721 1.006944
 1722 1.004112
 1723 1.001277
 1724 0.998438
 1725 0.995596
 1726 0.992750
 1727 0.989901
 1728 0.987049
 1729 0.984194
 1730 0.981335
 1731 0.978474
 1732 0.975610
 1733 0.972743
 1734 0.969874
 1735 0.967002
 1736 0.964127
 1737 0.961250
 1738 0.958370
 1739 0.955489
 1740 0.952605
 1741 0.949719
 1742 0.946831
 1743 0.943941
 1744 0.941050
 1745 0.938157
 1746 0.935262
 1747 0.932365
 1748 0.929468
 1749 0.926568
 1750 0.923668
 1751 0.920766
 1752 0.917863
 1753 0.914960
 1754 0.912055
 1755 0.909150
 1756 0.906243
 1757 0.903336
 1758 0.900429
 1759 0.897521
 1760 0.894613
 1761 0.891704
 1762 0.888796
 1763 0.885887
 1764 0.882978
 1765 0.880069
 1766 0.877161
 1767 0.874252
 1768 0.871344
 1769 0.868437
 1770 0.865530
 1771 0.862623
 1772 0.859718
 1773 0.856813
 1774 0.853909
 1775 0.851006
 1776 0.848104
 1777 0.845203
 1778 0.842303
 1779 0.839405
 1780 0.836508
 1781 0.833612
 1782 0.830719
 1783 0.827826
 1784 0.824936
 1785 0.822048
 1786 0.819161
 1787 0.816276
 1788 0.813394
 1789 0.810514
 1790 0.807636
 1791 0.804760
 1792 0.801887
 1793 0.799017
 1794 0.796149
 1795 0.793283
 1796 0.790421
 1797 0.787562
 1798 0.784705
 1799 0.781852
 1800 0.779001
 1801 0.776154
 1802 0.773310
 1803 0.770470
 1804 0.767633
 1805 0.764800
 1806 0.761970
 1807 0.759144
 1808 0.756322
 1809 0.753504
 1810 0.750690
 1811 0.747880
 1812 0.745074
 1813 0.742272
 1814 0.739475
 1815 0.736682
 1816 0.733893
 1817 0.731109
 1818 0.728330
 1819 0.725555
 1820 0.722786
 1821 0.720021
 1822 0.717261
 1823 0.714506
 1824 0.711756
 1825 0.709011
 1826 0.706272
 1827 0.703538
 1828 0.700809
 1829 0.698086
 1830 0.695369
 1831 0.692657
 1832 0.689951
 1833 0.687251
 1834 0.684556
 1835 0.681868
 1836 0.679186
 1837 0.676509
 1838 0.673839
 1839 0.671175
 1840 0.668518
 1841 0.665867
 1842 0.663222
 1843 0.660584
 1844 0.657953
 1845 0.655328
 1846 0.652710
 1847 0.650099
 1848 0.647494
 1849 0.644897
 1850 0.642307
 1851 0.639724
 1852 0.637148
 1853 0.634579
 1854 0.632017
 1855 0.629463
 1856 0.626917
 1857 0.624378
 1858 0.621846
 1859 0.619322
 1860 0.616806
 1861 0.614298
 1862 0.611797
 1863 0.609305
 1864 0.606820
 1865 0.604343
 1866 0.601875
 1867 0.599415
 1868 0.596962
 1869 0.594519
 1870 0.592083
 1871 0.589656
 1872 0.587237
 1873 0.584827
 1874 0.582425
 1875 0.580032
 1876 0.577648
 1877 0.575273
 1878 0.572906
 1879 0.570548
 1880 0.568199
 1881 0.565859
 1882 0.563528
 1883 0.561206
 1884 0.558893
 1885 0.556590
 1886 0.554295
 1887 0.552010
 1888 0.549735
 1889 0.547468
 1890 0.545211
 1891 0.542964
 1892 0.540726
 1893 0.538498
 1894 0.536279
 1895 0.534071
 1896 0.531872
 1897 0.529682
 1898 0.527503
 1899 0.525333
 1900 0.523174
 1901 0.521024
 1902 0.518884
 1903 0.516755
 1904 0.514635
 1905 0.512526
 1906 0.510427
 1907 0.508338
 1908 0.506259
 1909 0.504191
 1910 0.502132
 1911 0.500085
 1912 0.498047
 1913 0.496020
 1914 0.494004
 1915 0.491998
 1916 0.490002
 1917 0.488017
 1918 0.486043
 1919 0.484079
 1920 0.482126
 1921 0.480184
 1922 0.478252
 1923 0.476331
 1924 0.474421
 1925 0.472522
 1926 0.470633
 1927 0.468755
 1928 0.466889
 1929 0.465033
 1930 0.463188
 1931 0.461354
 1932 0.459531
 1933 0.457719
 1934 0.455918
 1935 0.454128
 1936 0.452349
 1937 0.450581
 1938 0.448824
 1939 0.447079
 1940 0.445344
 1941 0.443621
 1942 0.441908
 1943 0.440207
 1944 0.438518
 1945 0.436839
 1946 0.435171
 1947 0.433515
 1948 0.431870
 1949 0.430236
 1950 0.428614
 1951 0.427002
 1952 0.425402
 1953 0.423813
 1954 0.422236
 1955 0.420669
 1956 0.419114
 1957 0.417570
 1958 0.416038
 1959 0.414517
 1960 0.413007
 1961 0.411508
 1962 0.410020
 1963 0.408544
 1964 0.407079
 1965 0.405625
 1966 0.404182
 1967 0.402751
 1968 0.401331
 1969 0.399922
 1970 0.398524
 1971 0.397137
 1972 0.395762
 1973 0.394397
 1974 0.393044
 1975 0.391702
 1976 0.390371
 1977 0.389051
 1978 0.387742
 1979 0.386444
 1980 0.385157
 1981 0.383881
 1982 0.382617
 1983 0.381363
 1984 0.380120
 1985 0.378887
 1986 0.377666
 1987 0.376456
 1988 0.375256
 1989 0.374067
 1990 0.372889
 1991 0.371721
 1992 0.370565
 1993 0.369419
 1994 0.368283
 1995 0.367158
 1996 0.366044
 1997 0.364940
 1998 0.363846
 1999 0.362763
 2000 0.361691
 2001 0.360628
 2002 0.359576
 2003 0.358535
 2004 0.357503
 2005 0.356482
 2006 0.355470
 2007 0.354469
 2008 0.353478
 2009 0.352497
 2010 0.351525
 2011 0.350564
 2012 0.349612
 2013 0.348670
 2014 0.347738
 2015 0.346815
 2016 0.345902
 2017 0.344999
 2018 0.344105
 2019 0.343221
 2020 0.342346
 2021 0.341480
 2022 0.340623
 2023 0.339776
 2024 0.338938
 2025 0.338109
 2026 0.337289
 2027 0.336477
 2028 0.335675
 2029 0.334882
 2030 0.334097
 2031 0.333321
 2032 0.332554
 2033 0.331795
 2034 0.331044
 2035 0.330302
 2036 0.329569
 2037 0.328844
 2038 0.328126
 2039 0.327418
 2040 0.326717
 2041 0.326024
 2042 0.325339
 2043 0.324662
 2044 0.323993
 2045 0.323331
 2046 0.322677
 2047 0.322031
 2048 0.321392
 2049 0.320761
 2050 0.320136
 2051 0.319520
 2052 0.318910
 2053 0.318308
 2054 0.317712
 2055 0.317124
 2056 0.316542
 2057 0.315967
 2058 0.315399
 2059 0.314838
 2060 0.314283
 2061 0.313735
 2062 0.313193
 2063 0.312658
 2064 0.312129
 2065 0.311606
 2066 0.311089
 2067 0.310578
 2068 0.310073
 2069 0.309574
 2070 0.309081
 2071 0.308594
 2072 0.308112
 2073 0.307636
 2074 0.307165
 2075 0.306700
 2076 0.306240
 2077 0.305786
 2078 0.305336
 2079 0.304892
 2080 0.304453
 2081 0.304019
 2082 0.303589
 2083 0.303165
 2084 0.302745
 2085 0.302330
 2086 0.301919
 2087 0.301513
 2088 0.301111
 2089 0.300714
 2090 0.300321
 2091 0.299932
 2092 0.299548
 2093 0.299167
 2094 0.298790
 2095 0.298418
 2096 0.298049
 2097 0.297684
 2098 0.297322
 2099 0.296964
 2100 0.296610
 2101 0.296259
 2102 0.295912
 2103 0.295568
 2104 0.295227
 2105 0.294890
 2106 0.294555
 2107 0.294224
 2108 0.293896
 2109 0.293570
 2110 0.293248
 2111 0.292928
 2112 0.292611
 2113 0.292296
 2114 0.291984
 2115 0.291675
 2116 0.291368
 2117 0.291064
 2118 0.290762
 2119 0.290462
 2120 0.290164
 2121 0.289868
 2122 0.289575
 2123 0.289284
 2124 0.288994
 2125 0.288707
 2126 0.288421
 2127 0.288137
 2128 0.287855
 2129 0.287574
 2130 0.287295
 2131 0.287017
 2132 0.286741
 2133 0.286467
 2134 0.286194
 2135 0.285922
 2136 0.285651
 2137 0.285382
 2138 0.285114
 2139 0.284847
 2140 0.284581
 2141 0.284316
 2142 0.284052
 2143 0.283788
 2144 0.283526
 2145 0.283264
 2146 0.283004
 2147 0.282744
 2148 0.282484
 2149 0.282225
 2150 0.281967
 2151 0.281709
 2152 0.281452
 2153 0.281195
 2154 0.280939
 2155 0.280683
 2156 0.280427
 2157 0.280171
 2158 0.279916
 2159 0.279661
 2160 0.279406
 2161 0.279151
 2162 0.278896
 2163 0.278641
 2164 0.278386
 2165 0.278131
 2166 0.277876
 2167 0.277620
 2168 0.277365
 2169 0.277109
 2170 0.276853
 2171 0.276597
 2172 0.276340
 2173 0.276084
 2174 0.275826
 2175 0.275568
 2176 0.275310
 2177 0.275051
 2178 0.274792
 2179 0.274532
 2180 0.274272
 2181 0.274011
 2182 0.273749
 2183 0.273487
 2184 0.273224
 2185 0.272960
 2186 0.272696
 2187 0.272431
 2188 0.272165
 2189 0.271898
 2190 0.271630
 2191 0.271361
 2192 0.271092
 2193 0.270821
 2194 0.270550
 2195 0.270277
 2196 0.270004
 2197 0.269729
 2198 0.269453
 2199 0.269177
 2200 0.268899
 2201 0.268620
 2202 0.268340
 2203 0.268059
 2204 0.267777
 2205 0.267493
 2206 0.267208
 2207 0.266922
 2208 0.266635
 2209 0.266347
 2210 0.266057
 2211 0.265766
 2212 0.265473
 2213 0.265180
 2214 0.264885
 2215 0.264588
 2216 0.264290
 2217 0.263991
 2218 0.263691
 2219 0.263389
 2220 0.263085
 2221 0.262780
 2222 0.262474
 2223 0.262166
 2224 0.261857
 2225 0.261546
 2226 0.261234
 2227 0.260920
 2228 0.260605
 2229 0.260288
 2230 0.259969
 2231 0.259649
 2232 0.259328
 2233 0.259005
 2234 0.258680
 2235 0.258354
 2236 0.258026
 2237 0.257697
 2238 0.257366
 2239 0.257033
 2240 0.256699
 2241 0.256363
 2242 0.256025
 2243 0.255686
 2244 0.255345
 2245 0.255003
 2246 0.254659
 2247 0.254313
 2248 0.253966
 2249 0.253617
 2250 0.253266
 2251 0.252914
 2252 0.252560
 2253 0.252204
 2254 0.251846
 2255 0.251487
 2256 0.251127
 2257 0.250764
 2258 0.250400
 2259 0.250034
 2260 0.249667
 2261 0.249298
 2262 0.248927
 2263 0.248554
 2264 0.248180
 2265 0.247804
 2266 0.247427
 2267 0.247047
 2268 0.246667
 2269 0.246284
 2270 0.245900
 2271 0.245514
 2272 0.245126
 2273 0.244737
 2274 0.244346
 2275 0.243953
 2276 0.243559
 2277 0.243163
 2278 0.242765
 2279 0.242366
 2280 0.241965
 2281 0.241563
 2282 0.241159
 2283 0.240753
 2284 0.240345
 2285 0.239936
 2286 0.239526
 2287 0.239113
 2288 0.238699
 2289 0.238284
 2290 0.237867
 2291 0.237448
 2292 0.237028
 2293 0.236606
 2294 0.236182
 2295 0.235757
 2296 0.235331
 2297 0.234902
 2298 0.234473
 2299 0.234041
 2300 0.233609
 2301 0.233174
 2302 0.232738
 2303 0.232301
 2304 0.231862
 2305 0.231422
 2306 0.230980
 2307 0.230537
 2308 0.230092
 2309 0.229646
 2310 0.229198
 2311 0.228749
 2312 0.228298
 2313 0.227846
 2314 0.227392
 2315 0.226937
 2316 0.226481
 2317 0.226023
 2318 0.225564
 2319 0.225104
 2320 0.224642
 2321 0.224179
 2322 0.223714
 2323 0.223248
 2324 0.222781
 2325 0.222313
 2326 0.221843
 2327 0.221372
 2328 0.220899
 2329 0.220426
 2330 0.219951
 2331 0.219474
 2332 0.218997
 2333 0.218518
 2334 0.218038
 2335 0.217557
 2336 0.217075
 2337 0.216591
 2338 0.216107
 2339 0.215621
 2340 0.215134
 2341 0.214646
 2342 0.214156
 2343 0.213666
 2344 0.213174
 2345 0.212682
 2346 0.212188
 2347 0.211693
 2348 0.211197
 2349 0.210701
 2350 0.210203
 2351 0.209704
 2352 0.209204
 2353 0.208703
 2354 0.208201
 2355 0.207698
 2356 0.207194
 2357 0.206689
 2358 0.206184
 2359 0.205677
 2360 0.205169
 2361 0.204661
 2362 0.204151
 2363 0.203641
 2364 0.203130
 2365 0.202618
 2366 0.202105
 2367 0.201592
 2368 0.201077
 2369 0.200562
 2370 0.200046
 2371 0.199529
 2372 0.199012
 2373 0.198493
 2374 0.197974
 2375 0.197454
 2376 0.196934
 2377 0.196413
 2378 0.195891
 2379 0.195369
 2380 0.194845
 2381 0.194322
 2382 0.193797
 2383 0.193272
 2384 0.192747
 2385 0.192221
 2386 0.191694
 2387 0.191166
 2388 0.190639
 2389 0.190110
 2390 0.189581
 2391 0.189052
 2392 0.188522
 2393 0.187992
 2394 0.187461
 2395 0.186930
 2396 0.186398
 2397 0.185866
 2398 0.185333
 2399 0.184800
 2400 0.184267
 2401 0.183733
 2402 0.183199
 2403 0.182665
 2404 0.182130
 2405 0.181595
 2406 0.181060
 2407 0.180524
 2408 0.179988
 2409 0.179452
 2410 0.178916
 2411 0.178379
 2412 0.177843
 2413 0.177306
 2414 0.176768
 2415 0.176231
 2416 0.175694
 2417 0.175156
 2418 0.174618
 2419 0.174080
 2420 0.173542
 2421 0.173004
 2422 0.172466
 2423 0.171928
 2424 0.171389
 2425 0.170851
 2426 0.170312
 2427 0.169774
 2428 0.169236
 2429 0.168697
 2430 0.168159
 2431 0.167621
 2432 0.167082
 2433 0.166544
 2434 0.166006
 2435 0.165468
 2436 0.164930
 2437 0.164393
 2438 0.163855
 2439 0.163317
 2440 0.162780
 2441 0.162243
 2442 0.161706
 2443 0.161169
 2444 0.160633
 2445 0.160097
 2446 0.159561
 2447 0.159025
 2448 0.158489
 2449 0.157954
 2450 0.157419
 2451 0.156884
 2452 0.156350
 2453 0.155816
 2454 0.155283
 2455 0.154749
 2456 0.154217
 2457 0.153684
 2458 0.153152
 2459 0.152620
 2460 0.152089
 2461 0.151558
 2462 0.151028
 2463 0.150498
 2464 0.149969
 2465 0.149440
 2466 0.148911
 2467 0.148383
 2468 0.147856
 2469 0.147329
 2470 0.146803
 2471 0.146277
 2472 0.145752
 2473 0.145228
 2474 0.144704
 2475 0.144180
 2476 0.143658
 2477 0.143136
 2478 0.142614
 2479 0.142094
 2480 0.141574
 2481 0.141054
 2482 0.140536
 2483 0.140018
 2484 0.139501
 2485 0.138984
 2486 0.138468
 2487 0.137954
 2488 0.137439
 2489 0.136926
 2490 0.136413
 2491 0.135902
 2492 0.135391
 2493 0.134881
 2494 0.134371
 2495 0.133863
 2496 0.133356
 2497 0.132849
 2498 0.132343
 2499 0.131838
 2500 0.131334
 2501 0.130832
 2502 0.130329
 2503 0.129828
 2504 0.129328
 2505 0.128829
 2506 0.128331
 2507 0.127834
 2508 0.127338
 2509 0.126842
 2510 0.126348
 2511 0.125855
 2512 0.125363
 2513 0.124872
 2514 0.124382
 2515 0.123894
 2516 0.123406
 2517 0.122919
 2518 0.122434
 2519 0.121950
 2520 0.121466
 2521 0.120984
 2522 0.120504
 2523 0.120024
 2524 0.119545
 2525 0.119068
 2526 0.118592
 2527 0.118117
 2528 0.117643
 2529 0.117171
 2530 0.116700
 2531 0.116230
 2532 0.115761
 2533 0.115293
 2534 0.114827
 2535 0.114362
 2536 0.113899
 2537 0.113437
 2538 0.112976
 2539 0.112516
 2540 0.112058
 2541 0.111601
 2542 0.111146
 2543 0.110692
 2544 0.110239
 2545 0.109787
 2546 0.109338
 2547 0.108889
 2548 0.108442
 2549 0.107996
 2550 0.107552
 2551 0.107109
 2552 0.106668
 2553 0.106228
 2554 0.105790
 2555 0.105353
 2556 0.104917
 2557 0.104483
 2558 0.104051
 2559 0.103620
 2560 0.103191
 2561 0.102763
 2562 0.102336
 2563 0.101912
 2564 0.101489
 2565 0.101067
 2566 0.100647
 2567 0.100229
 2568 0.099812
 2569 0.099396
 2570 0.098983
 2571 0.098571
 2572 0.098160
 2573 0.097752
 2574 0.097345
 2575 0.096939
 2576 0.096535
 2577 0.096133
 2578 0.095733
 2579 0.095334
 2580 0.094937
 2581 0.094542
 2582 0.094148
 2583 0.093756
 2584 0.093366
 2585 0.092977
 2586 0.092590
 2587 0.092205
 2588 0.091822
 2589 0.091440
 2590 0.091060
 2591 0.090682
 2592 0.090306
 2593 0.089931
 2594 0.089559
 2595 0.089188
 2596 0.088818
 2597 0.088451
 2598 0.088085
 2599 0.087722
 2600 0.087360
 2601 0.087000
 2602 0.086641
 2603 0.086285
 2604 0.085930
 2605 0.085577
 2606 0.085226
 2607 0.084877
 2608 0.084530
 2609 0.084184
 2610 0.083841
 2611 0.083499
 2612 0.083159
 2613 0.082821
 2614 0.082485
 2615 0.082151
 2616 0.081819
 2617 0.081489
 2618 0.081160
 2619 0.080834
 2620 0.080509
 2621 0.080186
 2622 0.079866
 2623 0.079547
 2624 0.079230
 2625 0.078915
 2626 0.078602
 2627 0.078290
 2628 0.077981
 2629 0.077674
 2630 0.077368
 2631 0.077065
 2632 0.076763
 2633 0.076464
 2634 0.076166
 2635 0.075871
 2636 0.075577
 2637 0.075285
 2638 0.074995
 2639 0.074707
 2640 0.074422
 2641 0.074138
 2642 0.073856
 2643 0.073576
 2644 0.073297
 2645 0.073021
 2646 0.072747
 2647 0.072475
 2648 0.072205
 2649 0.071936
 2650 0.071670
 2651 0.071406
 2652 0.071143
 2653 0.070883
 2654 0.070624
 2655 0.070367
 2656 0.070113
 2657 0.069860
 2658 0.069609
 2659 0.069360
 2660 0.069114
 2661 0.068869
 2662 0.068626
 2663 0.068385
 2664 0.068145
 2665 0.067908
 2666 0.067673
 2667 0.067440
 2668 0.067208
 2669 0.066979
 2670 0.066751
 2671 0.066525
 2672 0.066302
 2673 0.066080
 2674 0.065860
 2675 0.065642
 2676 0.065425
 2677 0.065211
 2678 0.064999
 2679 0.064788
 2680 0.064579
 2681 0.064372
 2682 0.064168
 2683 0.063964
 2684 0.063763
 2685 0.063564
 2686 0.063366
 2687 0.063170
 2688 0.062976
 2689 0.062784
 2690 0.062594
 2691 0.062405
 2692 0.062218
 2693 0.062033
 2694 0.061850
 2695 0.061669
 2696 0.061489
 2697 0.061311
 2698 0.061135
 2699 0.060961
 2700 0.060788
 2701 0.060617
 2702 0.060448
 2703 0.060280
 2704 0.060114
 2705 0.059950
 2706 0.059787
 2707 0.059627
 2708 0.059467
 2709 0.059310
 2710 0.059154
 2711 0.059000
 2712 0.058847
 2713 0.058696
 2714 0.058546
 2715 0.058398
 2716 0.058252
 2717 0.058107
 2718 0.057964
 2719 0.057823
 2720 0.057682
 2721 0.057544
 2722 0.057407
 2723 0.057271
 2724 0.057137
 2725 0.057005
 2726 0.056873
 2727 0.056744
 2728 0.056615
 2729 0.056489
 2730 0.056363
 2731 0.056239
 2732 0.056116
 2733 0.055995
 2734 0.055875
 2735 0.055757
 2736 0.055640
 2737 0.055524
 2738 0.055409
 2739 0.055296
 2740 0.055184
 2741 0.055073
 2742 0.054964
 2743 0.054856
 2744 0.054749
 2745 0.054643
 2746 0.054539
 2747 0.054435
 2748 0.054333
 2749 0.054232
 2750 0.054132
 2751 0.054034
 2752 0.053936
 2753 0.053840
 2754 0.053745
 2755 0.053651
 2756 0.053557
 2757 0.053465
 2758 0.053374
 2759 0.053284
 2760 0.053196
 2761 0.053108
 2762 0.053021
 2763 0.052935
 2764 0.052850
 2765 0.052766
 2766 0.052683
 2767 0.052601
 2768 0.052520
 2769 0.052439
 2770 0.052360
 2771 0.052281
 2772 0.052204
 2773 0.052127
 2774 0.052051
 2775 0.051976
 2776 0.051901
 2777 0.051828
 2778 0.051755
 2779 0.051683
 2780 0.051612
 2781 0.051541
 2782 0.051472
 2783 0.051403
 2784 0.051334
 2785 0.051267
 2786 0.051200
 2787 0.051133
 2788 0.051068
 2789 0.051003
 2790 0.050939
 2791 0.050875
 2792 0.050812
 2793 0.050749
 2794 0.050687
 2795 0.050626
 2796 0.050565
 2797 0.050505
 2798 0.050445
 2799 0.050386
 2800 0.050327
 2801 0.050269
 2802 0.050211
 2803 0.050154
 2804 0.050097
 2805 0.050041
 2806 0.049985
 2807 0.049929
 2808 0.049874
 2809 0.049820
 2810 0.049765
 2811 0.049712
 2812 0.049658
 2813 0.049605
 2814 0.049552
 2815 0.049500
 2816 0.049448
 2817 0.049396
 2818 0.049344
 2819 0.049293
 2820 0.049242
 2821 0.049192
 2822 0.049141
 2823 0.049091
 2824 0.049041
 2825 0.048992
 2826 0.048942
 2827 0.048893
 2828 0.048844
 2829 0.048796
 2830 0.048747
 2831 0.048699
 2832 0.048651
 2833 0.048603
 2834 0.048555
 2835 0.048507
 2836 0.048460
 2837 0.048412
 2838 0.048365
 2839 0.048318
 2840 0.048271
 2841 0.048224
 2842 0.048177
 2843 0.048130
 2844 0.048083
 2845 0.048037
 2846 0.047990
 2847 0.047944
 2848 0.047897
 2849 0.047851
 2850 0.047804
 2851 0.047758
 2852 0.047712
 2853 0.047665
 2854 0.047619
 2855 0.047573
 2856 0.047526
 2857 0.047480
 2858 0.047434
 2859 0.047387
 2860 0.047341
 2861 0.047294
 2862 0.047248
 2863 0.047201
 2864 0.047154
 2865 0.047108
 2866 0.047061
 2867 0.047014
 2868 0.046967
 2869 0.046920
 2870 0.046873
 2871 0.046826
 2872 0.046779
 2873 0.046731
 2874 0.046684
 2875 0.046636
 2876 0.046588
 2877 0.046540
 2878 0.046492
 2879 0.046444
 2880 0.046396
 2881 0.046347
 2882 0.046299
 2883 0.046250
 2884 0.046201
 2885 0.046152
 2886 0.046103
 2887 0.046054
 2888 0.046004
 2889 0.045954
 2890 0.045904
 2891 0.045854
 2892 0.045804
 2893 0.045754
 2894 0.045703
 2895 0.045652
 2896 0.045601
 2897 0.045550
 2898 0.045498
 2899 0.045447
 2900 0.045395
 2901 0.045343
 2902 0.045290
 2903 0.045238
 2904 0.045185
 2905 0.045132
 2906 0.045079
 2907 0.045025
 2908 0.044972
 2909 0.044918
 2910 0.044864
 2911 0.044809
 2912 0.044755
 2913 0.044700
 2914 0.044645
 2915 0.044590
 2916 0.044534
 2917 0.044478
 2918 0.044422
 2919 0.044366
 2920 0.044309
 2921 0.044252
 2922 0.044195
 2923 0.044138
 2924 0.044080
 2925 0.044022
 2926 0.043964
 2927 0.043906
 2928 0.043847
 2929 0.043788
 2930 0.043729
 2931 0.043669
 2932 0.043610
 2933 0.043550
 2934 0.043489
 2935 0.043429
 2936 0.043368
 2937 0.043307
 2938 0.043245
 2939 0.043184
 2940 0.043122
 2941 0.043060
 2942 0.042997
 2943 0.042934
 2944 0.042871
 2945 0.042808
 2946 0.042744
 2947 0.042681
 2948 0.042617
 2949 0.042552
 2950 0.042487
 2951 0.042422
 2952 0.042357
 2953 0.042292
 2954 0.042226
 2955 0.042160
 2956 0.042093
 2957 0.042027
 2958 0.041960
 2959 0.041893
 2960 0.041825
 2961 0.041758
 2962 0.041690
 2963 0.041621
 2964 0.041553
 2965 0.041484
 2966 0.041415
 2967 0.041345
 2968 0.041276
 2969 0.041206
 2970 0.041136
 2971 0.041065
 2972 0.040995
 2973 0.040924
 2974 0.040852
 2975 0.040781
 2976 0.040709
 2977 0.040637
 2978 0.040565
 2979 0.040492
 2980 0.040419
 2981 0.040346
 2982 0.040273
 2983 0.040199
 2984 0.040125
 2985 0.040051
 2986 0.039977
 2987 0.039902
 2988 0.039827
 2989 0.039752
 2990 0.039677
 2991 0.039601
 2992 0.039525
 2993 0.039449
 2994 0.039373
 2995 0.039296
 2996 0.039219
 2997 0.039142
 2998 0.039065
 2999 0.038987
 3000 0.038909
 3001 0.038831
 3002 0.038753
 3003 0.038675
 3004 0.038596
 3005 0.038517
 3006 0.038438
 3007 0.038358
 3008 0.038279
 3009 0.038199
 3010 0.038119
 3011 0.038038
 3012 0.037958
 3013 0.037877
 3014 0.037796
 3015 0.037715
 3016 0.037634
 3017 0.037552
 3018 0.037470
 3019 0.037388
 3020 0.037306
 3021 0.037223
 3022 0.037141
 3023 0.037058
 3024 0.036975
 3025 0.036892
 3026 0.036808
 3027 0.036725
 3028 0.036641
 3029 0.036557
 3030 0.036473
 3031 0.036389
 3032 0.036304
 3033 0.036220
 3034 0.036135
 3035 0.036050
 3036 0.035964
 3037 0.035879
 3038 0.035794
 3039 0.035708
 3040 0.035622
 3041 0.035536
 3042 0.035450
 3043 0.035363
 3044 0.035277
 3045 0.035190
 3046 0.035103
 3047 0.035016
 3048 0.034929
 3049 0.034842
 3050 0.034755
 3051 0.034667
 3052 0.034579
 3053 0.034492
 3054 0.034404
 3055 0.034316
 3056 0.034227
 3057 0.034139
 3058 0.034051
 3059 0.033962
 3060 0.033873
 3061 0.033784
 3062 0.033695
 3063 0.033606
 3064 0.033517
 3065 0.033428
 3066 0.033339
 3067 0.033249
 3068 0.033159
 3069 0.033070
 3070 0.032980
 3071 0.032890
 3072 0.032800
 3073 0.032710
 3074 0.032620
 3075 0.032530
 3076 0.032439
 3077 0.032349
 3078 0.032258
 3079 0.032168
 3080 0.032077
 3081 0.031986
 3082 0.031895
 3083 0.031805
 3084 0.031714
 3085 0.031623
 3086 0.031532
 3087 0.031440
 3088 0.031349
 3089 0.031258
 3090 0.031167
 3091 0.031075
 3092 0.030984
 3093 0.030892
 3094 0.030801
 3095 0.030709
 3096 0.030618
 3097 0.030526
 3098 0.030435
 3099 0.030343
 3100 0.030251
 3101 0.030160
 3102 0.030068
 3103 0.029976
 3104 0.029884
 3105 0.029792
 3106 0.029701
 3107 0.029609
 3108 0.029517
 3109 0.029425
 3110 0.029333
 3111 0.029241
 3112 0.029149
 3113 0.029057
 3114 0.028966
 3115 0.028874
 3116 0.028782
 3117 0.028690
 3118 0.028598
 3119 0.028506
 3120 0.028414
 3121 0.028323
 3122 0.028231
 3123 0.028139
 3124 0.028047
 3125 0.027956
 3126 0.027864
 3127 0.027772
 3128 0.027681
 3129 0.027589
 3130 0.027498
 3131 0.027406
 3132 0.027315
 3133 0.027223
 3134 0.027132
 3135 0.027041
 3136 0.026949
 3137 0.026858
 3138 0.026767
 3139 0.026676
 3140 0.026585
 3141 0.026494
 3142 0.026403
 3143 0.026312
 3144 0.026222
 3145 0.026131
 3146 0.026040
 3147 0.025950
 3148 0.025859
 3149 0.025769
 3150 0.025679
 3151 0.025588
 3152 0.025498
 3153 0.025408
 3154 0.025318
 3155 0.025229
 3156 0.025139
 3157 0.025049
 3158 0.024960
 3159 0.024870
 3160 0.024781
 3161 0.024692
 3162 0.024602
 3163 0.024513
 3164 0.024425
 3165 0.024336
 3166 0.024247
 3167 0.024159
 3168 0.024070
 3169 0.023982
 3170 0.023894
 3171 0.023806
 3172 0.023718
 3173 0.023630
 3174 0.023542
 3175 0.023455
 3176 0.023367
 3177 0.023280
 3178 0.023193
 3179 0.023106
 3180 0.023019
 3181 0.022933
 3182 0.022846
 3183 0.022760
 3184 0.022674
 3185 0.022588
 3186 0.022502
 3187 0.022416
 3188 0.022330
 3189 0.022245
 3190 0.022160
 3191 0.022075
 3192 0.021990
 3193 0.021905
 3194 0.021821
 3195 0.021736
 3196 0.021652
 3197 0.021568
 3198 0.021484
 3199 0.021401
 3200 0.021317
 3201 0.021234
 3202 0.021151
 3203 0.021068
 3204 0.020985
 3205 0.020903
 3206 0.020821
 3207 0.020738
 3208 0.020657
 3209 0.020575
 3210 0.020493
 3211 0.020412
 3212 0.020331
 3213 0.020250
 3214 0.020169
 3215 0.020089
 3216 0.020009
 3217 0.019929
 3218 0.019849
 3219 0.019769
 3220 0.019690
 3221 0.019611
 3222 0.019532
 3223 0.019453
 3224 0.019375
 3225 0.019297
 3226 0.019219
 3227 0.019141
 3228 0.019064
 3229 0.018986
 3230 0.018909
 3231 0.018832
 3232 0.018756
 3233 0.018680
 3234 0.018604
 3235 0.018528
 3236 0.018452
 3237 0.018377
 3238 0.018302
 3239 0.018227
 3240 0.018152
 3241 0.018078
 3242 0.018004
 3243 0.017930
 3244 0.017857
 3245 0.017784
 3246 0.017711
 3247 0.017638
 3248 0.017565
 3249 0.017493
 3250 0.017421
 3251 0.017350
 3252 0.017278
 3253 0.017207
 3254 0.017136
 3255 0.017066
 3256 0.016996
 3257 0.016926
 3258 0.016856
 3259 0.016787
 3260 0.016717
 3261 0.016649
 3262 0.016580
 3263 0.016512
 3264 0.016444
 3265 0.016376
 3266 0.016309
 3267 0.016242
 3268 0.016175
 3269 0.016108
 3270 0.016042
 3271 0.015976
 3272 0.015911
 3273 0.015845
 3274 0.015780
 3275 0.015716
 3276 0.015651
 3277 0.015587
 3278 0.015523
 3279 0.015460
 3280 0.015397
 3281 0.015334
 3282 0.015271
 3283 0.015209
 3284 0.015147
 3285 0.015085
 3286 0.015024
 3287 0.014963
 3288 0.014902
 3289 0.014842
 3290 0.014782
 3291 0.014722
 3292 0.014663
 3293 0.014604
 3294 0.014545
 3295 0.014486
 3296 0.014428
 3297 0.014370
 3298 0.014313
 3299 0.014256
 3300 0.014199
 3301 0.014143
 3302 0.014086
 3303 0.014031
 3304 0.013975
 3305 0.013920
 3306 0.013865
 3307 0.013810
 3308 0.013756
 3309 0.013702
 3310 0.013649
 3311 0.013596
 3312 0.013543
 3313 0.013490
 3314 0.013438
 3315 0.013386
 3316 0.013335
 3317 0.013283
 3318 0.013232
 3319 0.013182
 3320 0.013132
 3321 0.013082
 3322 0.013032
 3323 0.012983
 3324 0.012934
 3325 0.012886
 3326 0.012838
 3327 0.012790
 3328 0.012742
 3329 0.012695
 3330 0.012648
 3331 0.012602
 3332 0.012556
 3333 0.012510
 3334 0.012464
 3335 0.012419
 3336 0.012374
 3337 0.012330
 3338 0.012286
 3339 0.012242
 3340 0.012198
 3341 0.012155
 3342 0.012112
 3343 0.012070
 3344 0.012028
 3345 0.011986
 3346 0.011944
 3347 0.011903
 3348 0.011862
 3349 0.011822
 3350 0.011782
 3351 0.011742
 3352 0.011702
 3353 0.011663
 3354 0.011624
 3355 0.011586
 3356 0.011548
 3357 0.011510
 3358 0.011472
 3359 0.011435
 3360 0.011398
 3361 0.011362
 3362 0.011326
 3363 0.011290
 3364 0.011254
 3365 0.011219
 3366 0.011184
 3367 0.011149
 3368 0.011115
 3369 0.011081
 3370 0.011047
 3371 0.011014
 3372 0.010981
 3373 0.010948
 3374 0.010916
 3375 0.010883
 3376 0.010852
 3377 0.010820
 3378 0.010789
 3379 0.010758
 3380 0.010727
 3381 0.010697
 3382 0.010667
 3383 0.010637
 3384 0.010608
 3385 0.010579
 3386 0.010550
 3387 0.010521
 3388 0.010493
 3389 0.010465
 3390 0.010437
 3391 0.010410
 3392 0.010383
 3393 0.010356
 3394 0.010330
 3395 0.010303
 3396 0.010277
 3397 0.010252
 3398 0.010226
 3399 0.010201
 3400 0.010176
 3401 0.010151
 3402 0.010127
 3403 0.010103
 3404 0.010079
 3405 0.010055
 3406 0.010032
 3407 0.010009
 3408 0.009986
 3409 0.009964
 3410 0.009941
 3411 0.009919
 3412 0.009897
 3413 0.009876
 3414 0.009854
 3415 0.009833
 3416 0.009812
 3417 0.009792
 3418 0.009771
 3419 0.009751
 3420 0.009731
 3421 0.009711
 3422 0.009692
 3423 0.009673
 3424 0.009654
 3425 0.009635
 3426 0.009616
 3427 0.009598
 3428 0.009579
 3429 0.009561
 3430 0.009544
 3431 0.009526
 3432 0.009509
 3433 0.009491
 3434 0.009474
 3435 0.009458
 3436 0.009441
 3437 0.009425
 3438 0.009408
 3439 0.009392
 3440 0.009376
 3441 0.009361
 3442 0.009345
 3443 0.009330
 3444 0.009315
 3445 0.009300
 3446 0.009285
 3447 0.009270
 3448 0.009256
 3449 0.009241
 3450 0.009227
 3451 0.009213
 3452 0.009199
 3453 0.009186
 3454 0.009172
 3455 0.009159
 3456 0.009145
 3457 0.009132
 3458 0.009119
 3459 0.009106
 3460 0.009094
 3461 0.009081
 3462 0.009069
 3463 0.009056
 3464 0.009044
 3465 0.009032
 3466 0.009020
 3467 0.009008
 3468 0.008997
 3469 0.008985
 3470 0.008974
 3471 0.008962
 3472 0.008951
 3473 0.008940
 3474 0.008929
 3475 0.008918
 3476 0.008907
 3477 0.008896
 3478 0.008886
 3479 0.008875
 3480 0.008865
 3481 0.008854
 3482 0.008844
 3483 0.008834
 3484 0.008824
 3485 0.008814
 3486 0.008804
 3487 0.008794
 3488 0.008784
 3489 0.008775
 3490 0.008765
 3491 0.008755
 3492 0.008746
 3493 0.008736
 3494 0.008727
 3495 0.008718
 3496 0.008708
 3497 0.008699
 3498 0.008690
 3499 0.008681
 3500 0.008672
 3501 0.008663
 3502 0.008654
 3503 0.008645
 3504 0.008637
 3505 0.008628
 3506 0.008619
 3507 0.008610
 3508 0.008602
 3509 0.008593
 3510 0.008585
 3511 0.008576
 3512 0.008568
 3513 0.008559
 3514 0.008551
 3515 0.008542
 3516 0.008534
 3517 0.008526
 3518 0.008517
 3519 0.008509
 3520 0.008501
 3521 0.008492
 3522 0.008484
 3523 0.008476
 3524 0.008468
 3525 0.008460
 3526 0.008451
 3527 0.008443
 3528 0.008435
 3529 0.008427
 3530 0.008419
 3531 0.008411
 3532 0.008403
 3533 0.008394
 3534 0.008386
 3535 0.008378
 3536 0.008370
 3537 0.008362
 3538 0.008354
 3539 0.008346
 3540 0.008338
 3541 0.008330
 3542 0.008321
 3543 0.008313
 3544 0.008305
 3545 0.008297
 3546 0.008289
 3547 0.008281
 3548 0.008272
 3549 0.008264
 3550 0.008256
 3551 0.008248
 3552 0.008240
 3553 0.008231
 3554 0.008223
 3555 0.008215
 3556 0.008206
 3557 0.008198
 3558 0.008190
 3559 0.008181
 3560 0.008173
 3561 0.008165
 3562 0.008156
 3563 0.008148
 3564 0.008139
 3565 0.008131
 3566 0.008122
 3567 0.008113
 3568 0.008105
 3569 0.008096
 3570 0.008088
 3571 0.008079
 3572 0.008070
 3573 0.008061
 3574 0.008053
 3575 0.008044
 3576 0.008035
 3577 0.008026
 3578 0.008017
 3579 0.008008
 3580 0.007999
 3581 0.007990
 3582 0.007981
 3583 0.007972
 3584 0.007963
 3585 0.007954
 3586 0.007944
 3587 0.007935
 3588 0.007926
 3589 0.007917
 3590 0.007907
 3591 0.007898
 3592 0.007888
 3593 0.007879
 3594 0.007869
 3595 0.007860
 3596 0.007850
 3597 0.007840
 3598 0.007831
 3599 0.007821
 3600 0.007811
 3601 0.007801
 3602 0.007791
 3603 0.007781
 3604 0.007771
 3605 0.007761
 3606 0.007751
 3607 0.007741
 3608 0.007731
 3609 0.007721
 3610 0.007711
 3611 0.007700
 3612 0.007690
 3613 0.007680
 3614 0.007669
 3615 0.007659
 3616 0.007648
 3617 0.007638
 3618 0.007627
 3619 0.007616
 3620 0.007605
 3621 0.007595
 3622 0.007584
 3623 0.007573
 3624 0.007562
 3625 0.007551
 3626 0.007540
 3627 0.007529
 3628 0.007518
 3629 0.007507
 3630 0.007496
 3631 0.007484
 3632 0.007473
 3633 0.007462
 3634 0.007450
 3635 0.007439
 3636 0.007427
 3637 0.007416
 3638 0.007404
 3639 0.007393
 3640 0.007381
 3641 0.007369
 3642 0.007357
 3643 0.007346
 3644 0.007334
 3645 0.007322
 3646 0.007310
 3647 0.007298
 3648 0.007286
 3649 0.007274
 3650 0.007261
 3651 0.007249
 3652 0.007237
 3653 0.007225
 3654 0.007212
 3655 0.007200
 3656 0.007187
 3657 0.007175
 3658 0.007162
 3659 0.007150
 3660 0.007137
 3661 0.007124
 3662 0.007112
 3663 0.007099
 3664 0.007086
 3665 0.007073
 3666 0.007060
 3667 0.007047
 3668 0.007034
 3669 0.007021
 3670 0.007008
 3671 0.006995
 3672 0.006982
 3673 0.006969
 3674 0.006955
 3675 0.006942
 3676 0.006929
 3677 0.006915
 3678 0.006902
 3679 0.006888
 3680 0.006875
 3681 0.006861
 3682 0.006848
 3683 0.006834
 3684 0.006820
 3685 0.006807
 3686 0.006793
 3687 0.006779
 3688 0.006765
 3689 0.006751
 3690 0.006737
 3691 0.006723
 3692 0.006709
 3693 0.006695
 3694 0.006681
 3695 0.006667
 3696 0.006653
 3697 0.006639
 3698 0.006625
 3699 0.006610
 3700 0.006596
 3701 0.006582
 3702 0.006567
 3703 0.006553
 3704 0.006538
 3705 0.006524
 3706 0.006509
 3707 0.006495
 3708 0.006480
 3709 0.006466
 3710 0.006451
 3711 0.006436
 3712 0.006422
 3713 0.006407
 3714 0.006392
 3715 0.006377
 3716 0.006362
 3717 0.006348
 3718 0.006333
 3719 0.006318
 3720 0.006303
 3721 0.006288
 3722 0.006273
 3723 0.006258
 3724 0.006243
 3725 0.006227
 3726 0.006212
 3727 0.006197
 3728 0.006182
 3729 0.006167
 3730 0.006151
 3731 0.006136
 3732 0.006121
 3733 0.006106
 3734 0.006090
 3735 0.006075
 3736 0.006059
 3737 0.006044
 3738 0.006029
 3739 0.006013
 3740 0.005998
 3741 0.005982
 3742 0.005967
 3743 0.005951
 3744 0.005935
 3745 0.005920
 3746 0.005904
 3747 0.005889
 3748 0.005873
 3749 0.005857
 3750 0.005842
 3751 0.005826
 3752 0.005810
 3753 0.005794
 3754 0.005779
 3755 0.005763
 3756 0.005747
 3757 0.005731
 3758 0.005715
 3759 0.005699
 3760 0.005684
 3761 0.005668
 3762 0.005652
 3763 0.005636
 3764 0.005620
 3765 0.005604
 3766 0.005588
 3767 0.005572
 3768 0.005556
 3769 0.005540
 3770 0.005524
 3771 0.005508
 3772 0.005492
 3773 0.005476
 3774 0.005460
 3775 0.005444
 3776 0.005428
 3777 0.005412
 3778 0.005396
 3779 0.005380
 3780 0.005364
 3781 0.005348
 3782 0.005332
 3783 0.005316
 3784 0.005300
 3785 0.005283
 3786 0.005267
 3787 0.005251
 3788 0.005235
 3789 0.005219
 3790 0.005203
 3791 0.005187
 3792 0.005171
 3793 0.005155
 3794 0.005138
 3795 0.005122
 3796 0.005106
 3797 0.005090
 3798 0.005074
 3799 0.005058
 3800 0.005042
 3801 0.005026
 3802 0.005009
 3803 0.004993
 3804 0.004977
 3805 0.004961
 3806 0.004945
 3807 0.004929
 3808 0.004913
 3809 0.004897
 3810 0.004881
 3811 0.004864
 3812 0.004848
 3813 0.004832
 3814 0.004816
 3815 0.004800
 3816 0.004784
 3817 0.004768
 3818 0.004752
 3819 0.004736
 3820 0.004720
 3821 0.004704
 3822 0.004688
 3823 0.004672
 3824 0.004656
 3825 0.004640
 3826 0.004624
 3827 0.004608
 3828 0.004592
 3829 0.004576
 3830 0.004560
 3831 0.004545
 3832 0.004529
 3833 0.004513
 3834 0.004497
 3835 0.004481
 3836 0.004465
 3837 0.004450
 3838 0.004434
 3839 0.004418
 3840 0.004402
 3841 0.004387
 3842 0.004371
 3843 0.004355
 3844 0.004339
 3845 0.004324
 3846 0.004308
 3847 0.004293
 3848 0.004277
 3849 0.004261
 3850 0.004246
 3851 0.004230
 3852 0.004215
 3853 0.004199
 3854 0.004184
 3855 0.004168
 3856 0.004153
 3857 0.004137
 3858 0.004122
 3859 0.004107
 3860 0.004091
 3861 0.004076
 3862 0.004061
 3863 0.004046
 3864 0.004030
 3865 0.004015
 3866 0.004000
 3867 0.003985
 3868 0.003970
 3869 0.003955
 3870 0.003939
 3871 0.003924
 3872 0.003909
 3873 0.003894
 3874 0.003879
 3875 0.003865
 3876 0.003850
 3877 0.003835
 3878 0.003820
 3879 0.003805
 3880 0.003790
 3881 0.003776
 3882 0.003761
 3883 0.003746
 3884 0.003732
 3885 0.003717
 3886 0.003702
 3887 0.003688
 3888 0.003673
 3889 0.003659
 3890 0.003644
 3891 0.003630
 3892 0.003616
 3893 0.003601
 3894 0.003587
 3895 0.003573
 3896 0.003558
 3897 0.003544
 3898 0.003530
 3899 0.003516
 3900 0.003502
 3901 0.003488
 3902 0.003474
 3903 0.003460
 3904 0.003446
 3905 0.003432
 3906 0.003418
 3907 0.003404
 3908 0.003391
 3909 0.003377
 3910 0.003363
 3911 0.003349
 3912 0.003336
 3913 0.003322
 3914 0.003309
 3915 0.003295
 3916 0.003282
 3917 0.003268
 3918 0.003255
 3919 0.003242
 3920 0.003228
 3921 0.003215
 3922 0.003202
 3923 0.003189
 3924 0.003176
 3925 0.003163
 3926 0.003150
 3927 0.003137
 3928 0.003124
 3929 0.003111
 3930 0.003098
 3931 0.003085
 3932 0.003073
 3933 0.003060
 3934 0.003047
 3935 0.003035
 3936 0.003022
 3937 0.003010
 3938 0.002997
 3939 0.002985
 3940 0.002973
 3941 0.002960
 3942 0.002948
 3943 0.002936
 3944 0.002924
 3945 0.002912
 3946 0.002900
 3947 0.002888
 3948 0.002876
 3949 0.002864
 3950 0.002852
 3951 0.002840
 3952 0.002828
 3953 0.002817
 3954 0.002805
 3955 0.002793
 3956 0.002782
 3957 0.002770
 3958 0.002759
 3959 0.002748
 3960 0.002736
 3961 0.002725
 3962 0.002714
 3963 0.002703
 3964 0.002692
 3965 0.002681
 3966 0.002670
 3967 0.002659
 3968 0.002648
 3969 0.002637
 3970 0.002626
 3971 0.002615
 3972 0.002605
 3973 0.002594
 3974 0.002583
 3975 0.002573
 3976 0.002563
 3977 0.002552
 3978 0.002542
 3979 0.002532
 3980 0.002521
 3981 0.002511
 3982 0.002501
 3983 0.002491
 3984 0.002481
 3985 0.002471
 3986 0.002461
 3987 0.002451
 3988 0.002442
 3989 0.002432
 3990 0.002422
 3991 0.002413
 3992 0.002403
 3993 0.002394
 3994 0.002384
 3995 0.002375
 3996 0.002366
 3997 0.002356
 3998 0.002347
 3999 0.002338
 4000 0.002329
 4001 0.002320
 4002 0.002311
 4003 0.002302
 4004 0.002293
 4005 0.002284
 4006 0.002276
 4007 0.002267
 4008 0.002258
 4009 0.002250
 4010 0.002241
 4011 0.002233
 4012 0.002225
 4013 0.002216
 4014 0.002208
 4015 0.002200
 4016 0.002192
 4017 0.002184
 4018 0.002176
 4019 0.002168
 4020 0.002160
 4021 0.002152
 4022 0.002144
 4023 0.002136
 4024 0.002129
 4025 0.002121
 4026 0.002114
 4027 0.002106
 4028 0.002099
 4029 0.002091
 4030 0.002084
 4031 0.002077
 4032 0.002070
 4033 0.002063
 4034 0.002055
 4035 0.002048
 4036 0.002041
 4037 0.002035
 4038 0.002028
 4039 0.002021
 4040 0.002014
 4041 0.002008
 4042 0.002001
 4043 0.001994
 4044 0.001988
 4045 0.001981
 4046 0.001975
 4047 0.001969
 4048 0.001962
 4049 0.001956
 4050 0.001950
 4051 0.001944
 4052 0.001938
 4053 0.001932
 4054 0.001926
 4055 0.001920
 4056 0.001914
 4057 0.001908
 4058 0.001903
 4059 0.001897
 4060 0.001891
 4061 0.001886
 4062 0.001880
 4063 0.001875
 4064 0.001870
 4065 0.001864
 4066 0.001859
 4067 0.001854
 4068 0.001848
 4069 0.001843
 4070 0.001838
 4071 0.001833
 4072 0.001828
 4073 0.001823
 4074 0.001818
 4075 0.001814
 4076 0.001809
 4077 0.001804
 4078 0.001799
 4079 0.001795
 4080 0.001790
 4081 0.001786
 4082 0.001781
 4083 0.001777
 4084 0.001772
 4085 0.001768
 4086 0.001764
 4087 0.001759
 4088 0.001755
 4089 0.001751
 4090 0.001747
 4091 0.001743
 4092 0.001739
 4093 0.001735
 4094 0.001731
 4095 0.001727
 4096 0.001723
 4097 0.001719
 4098 0.001716
 4099 0.001712
 4100 0.001708
 4101 0.001704
 4102 0.001701
 4103 0.001697
 4104 0.001694
 4105 0.001690
 4106 0.001687
 4107 0.001683
 4108 0.001680
 4109 0.001677
 4110 0.001673
 4111 0.001670
 4112 0.001667
 4113 0.001664
 4114 0.001661
 4115 0.001658
 4116 0.001655
 4117 0.001651
 4118 0.001648
 4119 0.001646
 4120 0.001643
 4121 0.001640
 4122 0.001637
 4123 0.001634
 4124 0.001631
 4125 0.001628
 4126 0.001626
 4127 0.001623
 4128 0.001620
 4129 0.001618
 4130 0.001615
 4131 0.001612
 4132 0.001610
 4133 0.001607
 4134 0.001605
 4135 0.001602
 4136 0.001600
 4137 0.001598
 4138 0.001595
 4139 0.001593
 4140 0.001590
 4141 0.001588
 4142 0.001586
 4143 0.001584
 4144 0.001581
 4145 0.001579
 4146 0.001577
 4147 0.001575
 4148 0.001573
 4149 0.001571
 4150 0.001568
 4151 0.001566
 4152 0.001564
 4153 0.001562
 4154 0.001560
 4155 0.001558
 4156 0.001556
 4157 0.001554
 4158 0.001552
 4159 0.001550
 4160 0.001549
 4161 0.001547
 4162 0.001545
 4163 0.001543
 4164 0.001541
 4165 0.001539
 4166 0.001538
 4167 0.001536
 4168 0.001534
 4169 0.001532
 4170 0.001530
 4171 0.001529
 4172 0.001527
 4173 0.001525
 4174 0.001524
 4175 0.001522
 4176 0.001520
 4177 0.001519
 4178 0.001517
 4179 0.001515
 4180 0.001514
 4181 0.001512
 4182 0.001511
 4183 0.001509
 4184 0.001507
 4185 0.001506
 4186 0.001504
 4187 0.001503
 4188 0.001501
 4189 0.001500
 4190 0.001498
 4191 0.001497
 4192 0.001495
 4193 0.001494
 4194 0.001492
 4195 0.001491
 4196 0.001489
 4197 0.001488
 4198 0.001486
 4199 0.001485
 4200 0.001483
 4201 0.001482
 4202 0.001480
 4203 0.001479
 4204 0.001477
 4205 0.001476
 4206 0.001475
 4207 0.001473
 4208 0.001472
 4209 0.001470
 4210 0.001469
 4211 0.001467
 4212 0.001466
 4213 0.001465
 4214 0.001463
 4215 0.001462
 4216 0.001460
 4217 0.001459
 4218 0.001458
 4219 0.001456
 4220 0.001455
 4221 0.001453
 4222 0.001452
 4223 0.001450
 4224 0.001449
 4225 0.001448
 4226 0.001446
 4227 0.001445
 4228 0.001443
 4229 0.001442
 4230 0.001441
 4231 0.001439
 4232 0.001438
 4233 0.001436
 4234 0.001435
 4235 0.001433
 4236 0.001432
 4237 0.001431
 4238 0.001429
 4239 0.001428
 4240 0.001426
 4241 0.001425
 4242 0.001423
 4243 0.001422
 4244 0.001420
 4245 0.001419
 4246 0.001418
 4247 0.001416
 4248 0.001415
 4249 0.001413
 4250 0.001412
 4251 0.001410
 4252 0.001409
 4253 0.001407
 4254 0.001406
 4255 0.001404
 4256 0.001403
 4257 0.001401
 4258 0.001400
 4259 0.001398
 4260 0.001397
 4261 0.001395
 4262 0.001393
 4263 0.001392
 4264 0.001390
 4265 0.001389
 4266 0.001387
 4267 0.001386
 4268 0.001384
 4269 0.001382
 4270 0.001381
 4271 0.001379
 4272 0.001378
 4273 0.001376
 4274 0.001374
 4275 0.001373
 4276 0.001371
 4277 0.001369
 4278 0.001368
 4279 0.001366
 4280 0.001365
 4281 0.001363
 4282 0.001361
 4283 0.001359
 4284 0.001358
 4285 0.001356
 4286 0.001354
 4287 0.001353
 4288 0.001351
 4289 0.001349
 4290 0.001347
 4291 0.001346
 4292 0.001344
 4293 0.001342
 4294 0.001340
 4295 0.001339
 4296 0.001337
 4297 0.001335
 4298 0.001333
 4299 0.001331
 4300 0.001330
 4301 0.001328
 4302 0.001326
 4303 0.001324
 4304 0.001322
 4305 0.001320
 4306 0.001318
 4307 0.001317
 4308 0.001315
 4309 0.001313
 4310 0.001311
 4311 0.001309
 4312 0.001307
 4313 0.001305
 4314 0.001303
 4315 0.001301
 4316 0.001299
 4317 0.001297
 4318 0.001295
 4319 0.001293
 4320 0.001291
 4321 0.001289
 4322 0.001287
 4323 0.001285
 4324 0.001283
 4325 0.001281
 4326 0.001279
 4327 0.001277
 4328 0.001275
 4329 0.001273
 4330 0.001271
 4331 0.001269
 4332 0.001267
 4333 0.001265
 4334 0.001263
 4335 0.001260
 4336 0.001258
 4337 0.001256
 4338 0.001254
 4339 0.001252
 4340 0.001250
 4341 0.001248
 4342 0.001245
 4343 0.001243
 4344 0.001241
 4345 0.001239
 4346 0.001237
 4347 0.001234
 4348 0.001232
 4349 0.001230
 4350 0.001228
 4351 0.001225
 4352 0.001223
 4353 0.001221
 4354 0.001219
 4355 0.001216
 4356 0.001214
 4357 0.001212
 4358 0.001210
 4359 0.001207
 4360 0.001205
 4361 0.001203
 4362 0.001200
 4363 0.001198
 4364 0.001196
 4365 0.001193
 4366 0.001191
 4367 0.001189
 4368 0.001186
 4369 0.001184
 4370 0.001181
 4371 0.001179
 4372 0.001177
 4373 0.001174
 4374 0.001172
 4375 0.001169
 4376 0.001167
 4377 0.001164
 4378 0.001162
 4379 0.001160
 4380 0.001157
 4381 0.001155
 4382 0.001152
 4383 0.001150
 4384 0.001147
 4385 0.001145
 4386 0.001142
 4387 0.001140
 4388 0.001137
 4389 0.001135
 4390 0.001132
 4391 0.001130
 4392 0.001127
 4393 0.001125
 4394 0.001122
 4395 0.001120
 4396 0.001117
 4397 0.001114
 4398 0.001112
 4399 0.001109
 4400 0.001107
 4401 0.001104
 4402 0.001102
 4403 0.001099
 4404 0.001096
 4405 0.001094
 4406 0.001091
 4407 0.001089
 4408 0.001086
 4409 0.001083
 4410 0.001081
 4411 0.001078
 4412 0.001075
 4413 0.001073
 4414 0.001070
 4415 0.001067
 4416 0.001065
 4417 0.001062
 4418 0.001059
 4419 0.001057
 4420 0.001054
 4421 0.001051
 4422 0.001049
 4423 0.001046
 4424 0.001043
 4425 0.001041
 4426 0.001038
 4427 0.001035
 4428 0.001033
