0.00621922, 0.0704729
0.0127922, 0.086762
0.0171807, 0.0746773
0.0199888, 0.0596611
0.0197844, 0.0482738
0.0183711, 0.0415336
0.0179463, 0.036185
0.0186029, 0.0318118
0.0190679, 0.0281862
0.0189256, 0.0251439
0.0185332, 0.0229614
0.0181433, 0.0215225
0.0177517, 0.0202395
0.0173197, 0.0190873
0.0168568, 0.0180462
0.0163853, 0.0171006
0.0159175, 0.0162373
0.0154572, 0.0154454
0.0150066, 0.014716
0.0145673, 0.0140416
0.0141403, 0.0134158
0.0137263, 0.0128333
0.0133255, 0.0122897
0.0129379, 0.0117809
0.0125633, 0.0113036
0.0122015, 0.010855
0.011852, 0.0104324
0.0115145, 0.0100337
0.0111885, 0.00965685
0.0108736, 0.00930017
0.0105694, 0.00896209
0.0102753, 0.00864124
0.00999112, 0.00833637
0.00971631, 0.00804636
0.00945053, 0.0077702
0.00919341, 0.00750699
0.00894459, 0.00725588
0.00870374, 0.00701612
0.00847056, 0.00678701
0.00824472, 0.00656792
0.00802595, 0.00635825
0.00781398, 0.00615747
0.00760853, 0.00596508
0.00740937, 0.00578062
0.00721626, 0.00560365
0.00702897, 0.00543378
0.00684728, 0.00527063
0.006671, 0.00511387
0.00649992, 0.00496317
0.00633386, 0.00481822
0.00617264, 0.00467875
0.00601609, 0.00454449
0.00586404, 0.00441518
0.00571634, 0.0042906
0.00557284, 0.00417053
0.0054334, 0.00405476
0.00529787, 0.00394309
0.00516613, 0.00383535
0.00503804, 0.00373134
0.0049135, 0.00363092
0.00479237, 0.00353393
0.00467456, 0.00344022
0.00455994, 0.00334964
0.00444843, 0.00326208
0.00433992, 0.00317739
0.00423431, 0.00309548
0.00413152, 0.00301621
0.00403146, 0.00293949
0.00393404, 0.0028652
0.00383918, 0.00279327
0.0037468, 0.00272359
0.00365683, 0.00265607
0.0035692, 0.00259063
0.00348383, 0.0025272
0.00340066, 0.00246569
0.00331962, 0.00240604
0.00324065, 0.00234817
0.0031637, 0.00229201
0.00308869, 0.00223751
0.00301559, 0.00218461
0.00294432, 0.00213324
0.00287485, 0.00208336
0.00280711, 0.0020349
0.00274107, 0.00198782
0.00267667, 0.00194208
0.00261387, 0.00189761
0.00255262, 0.00185439
0.00249289, 0.00181236
0.00243462, 0.00177149
0.00237779, 0.00173173
0.00232234, 0.00169306
0.00226826, 0.00165543
0.00221548, 0.00161881
0.002164, 0.00158316
0.00211376, 0.00154846
0.00206474, 0.00151467
0.0020169, 0.00148177
0.00197022, 0.00144972
0.00192466, 0.00141851
0.00188019, 0.00138809
0.00183679, 0.00135845
0.00179443, 0.00132957
0.00175308, 0.00130142
0.00171272, 0.00127397
0.00167332, 0.00124721
0.00163485, 0.00122112
0.0015973, 0.00119567
0.00156064, 0.00117085
0.00152484, 0.00114663
0.0014899, 0.00112301
0.00145577, 0.00109996
0.00142245, 0.00107746
0.00138992, 0.0010555
0.00135815, 0.00103407
0.00132712, 0.00101315
0.00129682, 0.000992717
0.00126724, 0.000972768
0.00123834, 0.000953286
0.00121012, 0.000934258
0.00118256, 0.000915671
0.00115564, 0.000897513
0.00112935, 0.000879773
0.00110367, 0.000862438
0.00107858, 0.000845499
0.00105408, 0.000828943
0.00103015, 0.000812761
0.00100677, 0.000796943
0.000983937, 0.00078148
0.00096163, 0.00076636
0.000939838, 0.000751577
0.000918549, 0.000737121
0.000897752, 0.000722982
0.000877435, 0.000709154
0.000857586, 0.000695629
0.000838194, 0.000682397
0.000819248, 0.000669452
0.000800737, 0.000656787
0.000782652, 0.000644395
0.000764983, 0.000632268
0.000747718, 0.0006204
0.000730849, 0.000608784
0.000714367, 0.000597415
0.000698262, 0.000586286
0.000682526, 0.000575391
0.00066715, 0.000564725
0.000652125, 0.000554282
0.000637443, 0.000544057
0.000623096, 0.000534044
0.000609076, 0.000524238
0.000595376, 0.000514634
0.000581988, 0.000505228
0.000568905, 0.000496015
0.000556119, 0.000486989
0.000543625, 0.000478148
0.000531414, 0.000469486
0.000519481, 0.000461
0.000507819, 0.000452685
0.000496421, 0.000444537
0.000485282, 0.000436552
0.000474395, 0.000428728
0.000463756, 0.000421059
0.000453357, 0.000413543
0.000443193, 0.000406175
0.00043326, 0.000398954
0.000423551, 0.000391875
0.000414061, 0.000384935
0.000404786, 0.000378131
0.000395721, 0.00037146
0.00038686, 0.00036492
0.000378199, 0.000358506
0.000369733, 0.000352217
0.000361459, 0.00034605
0.00035337, 0.000340002
0.000345464, 0.00033407
0.000337736, 0.000328253
0.000330182, 0.000322546
0.000322798, 0.000316949
0.000315579, 0.000311459
0.000308523, 0.000306072
0.000301626, 0.000300789
0.000294884, 0.000295605
0.000288293, 0.000290519
0.000281849, 0.000285529
0.000275551, 0.000280632
0.000269394, 0.000275828
0.000263374, 0.000271113
0.00025749, 0.000266487
0.000251737, 0.000261947
0.000246114, 0.000257491
0.000240616, 0.000253118
0.000235241, 0.000248826
0.000229987, 0.000244613
0.00022485, 0.000240477
0.000219828, 0.000236418
0.000214918, 0.000232434
0.000210118, 0.000228522
0.000207102, 0.000224682
0.000204149, 0.000220912
0.000201229, 0.000217211
0.000198343, 0.000213577
0.00019549, 0.000210009
0.000192671, 0.000206505
0.000189885, 0.000203065
0.000187133, 0.000199687
0.000184413, 0.000196369
0.000181726, 0.000193112
0.000179072, 0.000189913
0.000176451, 0.000186771
0.000173861, 0.000183685
0.000171304, 0.000180654
0.000168779, 0.000177678
0.000166286, 0.000174754
0.000163824, 0.000171882
0.000161394, 0.000169061
0.000158994, 0.00016629
0.000156626, 0.000163567
0.000154288, 0.000160893
0.00015198, 0.000158266
0.000149703, 0.000155685
0.000147455, 0.000153149
0.000145237, 0.000150658
0.000143049, 0.00014821
0.000140889, 0.000145805
0.000138759, 0.000143442
0.000136657, 0.00014112
0.000134583, 0.000138839
0.000132538, 0.000136597
0.00013052, 0.000134393
0.00012853, 0.000132228
0.000126567, 0.0001301
0.000124631, 0.000128009
0.000122722, 0.000125954
0.000120839, 0.000123934
0.000118983, 0.000121949
0.000117152, 0.000119998
0.000115347, 0.00011808
0.000113568, 0.000116195
0.000111813, 0.000114343
0.000110083, 0.000112521
0.000108378, 0.000110731
0.000106697, 0.000108971
0.00010504, 0.000107241
0.000103406, 0.000105541
0.000101796, 0.000103869
0.000100209, 0.000102225
9.86455e-05, 0.000100609
9.71041e-05, 9.90208e-05
9.55851e-05, 9.74588e-05
9.40882e-05, 9.59231e-05
9.2613e-05, 9.44132e-05
9.11594e-05, 9.29286e-05
8.97271e-05, 9.14688e-05
8.83158e-05, 9.00335e-05
8.69252e-05, 8.86221e-05
8.55552e-05, 8.72342e-05
8.42053e-05, 8.58695e-05
8.28755e-05, 8.45274e-05
8.15653e-05, 8.32077e-05
8.02747e-05, 8.19098e-05
7.90033e-05, 8.06334e-05
7.77508e-05, 7.93782e-05
7.65171e-05, 7.81437e-05
7.53018e-05, 7.69295e-05
7.41048e-05, 7.57354e-05
7.29258e-05, 7.4561e-05
7.17645e-05, 7.34059e-05
7.06208e-05, 7.22697e-05
6.94943e-05, 7.11522e-05
6.8385e-05, 7.0053e-05
6.72924e-05, 6.89718e-05
6.62165e-05, 6.79083e-05
6.51569e-05, 6.68621e-05
6.41135e-05, 6.58331e-05
6.3086e-05, 6.48207e-05
6.20742e-05, 6.38249e-05
6.10779e-05, 6.28452e-05
6.00969e-05, 6.18815e-05
5.91309e-05, 6.09334e-05
5.81798e-05, 6.00006e-05
5.72434e-05, 5.9083e-05
5.63214e-05, 5.81801e-05
5.54136e-05, 5.72919e-05
5.45199e-05, 5.6418e-05
5.364e-05, 5.55581e-05
5.27738e-05, 5.47121e-05
5.1921e-05, 5.38797e-05
5.10815e-05, 5.30607e-05
5.0255e-05, 5.22548e-05
4.94414e-05, 5.14619e-05
4.86405e-05, 5.06816e-05
4.78521e-05, 4.99138e-05
4.70761e-05, 4.91582e-05
4.63122e-05, 4.84148e-05
4.55602e-05, 4.76832e-05
4.48201e-05, 4.69632e-05
4.40916e-05, 4.62547e-05
4.33745e-05, 4.55574e-05
4.26687e-05, 4.48712e-05
4.19741e-05, 4.4196e-05
4.12904e-05, 4.35314e-05
4.06175e-05, 4.28773e-05
3.99552e-05, 4.22336e-05
3.93034e-05, 4.16e-05
3.86619e-05, 4.09764e-05
3.80306e-05, 4.03627e-05
3.74093e-05, 3.97586e-05
3.67979e-05, 3.91641e-05
3.61961e-05, 3.85789e-05
3.5604e-05, 3.80029e-05
3.50213e-05, 3.74359e-05
3.44478e-05, 3.68778e-05
3.38835e-05, 3.63285e-05
3.33282e-05, 3.57877e-05
3.27818e-05, 3.52554e-05
3.22441e-05, 3.47314e-05
3.1715e-05, 3.42156e-05
3.11944e-05, 3.37079e-05
3.06821e-05, 3.3208e-05
3.0178e-05, 3.27159e-05
2.9682e-05, 3.22315e-05
2.9194e-05, 3.17546e-05
2.87138e-05, 3.12851e-05
2.82413e-05, 3.08229e-05
2.77765e-05, 3.03678e-05
2.73191e-05, 2.99198e-05
2.68691e-05, 2.94787e-05
2.64263e-05, 2.90444e-05
2.59907e-05, 2.86168e-05
2.55621e-05, 2.81958e-05
2.51404e-05, 2.77813e-05
2.47256e-05, 2.73732e-05
2.43175e-05, 2.69714e-05
2.39159e-05, 2.65757e-05
2.35209e-05, 2.61861e-05
2.31323e-05, 2.58025e-05
2.27499e-05, 2.54248e-05
2.23738e-05, 2.50528e-05
2.20038e-05, 2.46866e-05
2.16397e-05, 2.43259e-05
2.12816e-05, 2.39708e-05
2.09293e-05, 2.36211e-05
2.05828e-05, 2.32767e-05
2.02419e-05, 2.29375e-05
1.99065e-05, 2.26035e-05
1.95766e-05, 2.22747e-05
1.92521e-05, 2.19508e-05
1.89328e-05, 2.16318e-05
1.86188e-05, 2.13176e-05
1.83099e-05, 2.10083e-05
1.8006e-05, 2.07036e-05
1.77072e-05, 2.04035e-05
1.74131e-05, 2.0108e-05
1.71239e-05, 1.98169e-05
1.68395e-05, 1.95303e-05
1.65597e-05, 1.92479e-05
1.62844e-05, 1.89698e-05
1.60137e-05, 1.8696e-05
1.57474e-05, 1.84262e-05
1.54855e-05, 1.81605e-05
1.52278e-05, 1.78988e-05
1.49744e-05, 1.7641e-05
1.47252e-05, 1.73871e-05
1.44801e-05, 1.7137e-05
1.42389e-05, 1.68906e-05
1.40018e-05, 1.66479e-05
1.37685e-05, 1.64089e-05
1.35391e-05, 1.61735e-05
1.33134e-05, 1.59415e-05
1.30915e-05, 1.5713e-05
1.28732e-05, 1.5488e-05
1.26585e-05, 1.52663e-05
1.24474e-05, 1.50479e-05
1.22397e-05, 1.48327e-05
1.20355e-05, 1.46207e-05
1.18346e-05, 1.44119e-05
1.1637e-05, 1.42062e-05
1.14427e-05, 1.40036e-05
1.12516e-05, 1.3804e-05
1.10637e-05, 1.36073e-05
1.08788e-05, 1.34135e-05
1.06971e-05, 1.32226e-05
1.05183e-05, 1.30345e-05
1.03425e-05, 1.28492e-05
1.01696e-05, 1.26667e-05
9.99951e-06, 1.24868e-05
9.83227e-06, 1.23096e-05
9.66781e-06, 1.2135e-05
9.50606e-06, 1.1963e-05
9.347e-06, 1.17935e-05
9.19057e-06, 1.16265e-05
9.03673e-06, 1.1462e-05
8.88544e-06, 1.12998e-05
8.73667e-06, 1.11401e-05
8.59036e-06, 1.09827e-05
8.44647e-06, 1.08276e-05
8.30498e-06, 1.06748e-05
8.16583e-06, 1.05242e-05
8.029e-06, 1.03758e-05
7.89443e-06, 1.02296e-05
7.7621e-06, 1.00855e-05
7.63198e-06, 9.94357e-06
7.50401e-06, 9.80367e-06
7.37817e-06, 9.66581e-06
7.25442e-06, 9.52997e-06
7.13274e-06, 9.3961e-06
7.01307e-06, 9.26418e-06
6.8954e-06, 9.13418e-06
6.77968e-06, 9.00607e-06
6.6659e-06, 8.87982e-06
6.554e-06, 8.75541e-06
6.44397e-06, 8.6328e-06
6.33578e-06, 8.51197e-06
6.22938e-06, 8.39289e-06
6.12476e-06, 8.27553e-06
6.02188e-06, 8.15988e-06
5.92072e-06, 8.04589e-06
5.82125e-06, 7.93356e-06
5.72343e-06, 7.82285e-06
5.62725e-06, 7.71373e-06
5.53267e-06, 7.60619e-06
5.43967e-06, 7.50021e-06
5.34822e-06, 7.39575e-06
5.2583e-06, 7.29279e-06
5.16988e-06, 7.19132e-06
5.08293e-06, 7.0913e-06
4.99744e-06, 6.99273e-06
4.91338e-06, 6.89557e-06
4.83072e-06, 6.79981e-06
4.74944e-06, 6.70542e-06
4.66952e-06, 6.61239e-06
4.59094e-06, 6.52069e-06
4.51367e-06, 6.4303e-06
4.4377e-06, 6.34121e-06
4.36299e-06, 6.25339e-06
4.28954e-06, 6.16683e-06
4.21731e-06, 6.08151e-06
4.14629e-06, 5.99741e-06
4.07646e-06, 5.9145e-06
4.0078e-06, 5.83278e-06
3.94029e-06, 5.75223e-06
3.87391e-06, 5.67282e-06
3.80865e-06, 5.59455e-06
3.74447e-06, 5.51739e-06
3.68137e-06, 5.44133e-06
3.61933e-06, 5.36635e-06
3.55833e-06, 5.29244e-06
3.49835e-06, 5.21958e-06
3.43937e-06, 5.14775e-06
3.38139e-06, 5.07694e-06
3.32437e-06, 5.00714e-06
3.26832e-06, 4.93832e-06
3.2132e-06, 4.87048e-06
3.15901e-06, 4.8036e-06
3.10572e-06, 4.73767e-06
3.05333e-06, 4.67267e-06
3.00182e-06, 4.60859e-06
2.95118e-06, 4.54542e-06
2.90138e-06, 4.48314e-06
2.85242e-06, 4.42174e-06
2.80428e-06, 4.3612e-06
2.75696e-06, 4.30152e-06
2.71042e-06, 4.24268e-06
2.66467e-06, 4.18467e-06
2.61968e-06, 4.12747e-06
2.57546e-06, 4.07108e-06
2.53197e-06, 4.01548e-06
2.48922e-06, 3.96067e-06
2.44718e-06, 3.90663e-06
2.40585e-06, 3.85334e-06
2.36522e-06, 3.8008e-06
2.32527e-06, 3.749e-06
2.28599e-06, 3.69793e-06
2.24737e-06, 3.64757e-06
2.2094e-06, 3.59792e-06
2.17207e-06, 3.54897e-06
2.13536e-06, 3.50069e-06
2.09928e-06, 3.4531e-06
2.0638e-06, 3.40617e-06
2.02892e-06, 3.35989e-06
1.99462e-06, 3.31427e-06
1.96091e-06, 3.26928e-06
1.92776e-06, 3.22491e-06
1.89517e-06, 3.18117e-06
1.86312e-06, 3.13804e-06
1.83162e-06, 3.0955e-06
1.80065e-06, 3.05356e-06
1.7702e-06, 3.01221e-06
1.74026e-06, 2.97143e-06
1.71082e-06, 2.93121e-06
1.68189e-06, 2.89156e-06
1.65344e-06, 2.85246e-06
1.62546e-06, 2.8139e-06
1.59796e-06, 2.77587e-06
1.57093e-06, 2.73838e-06
1.54435e-06, 2.7014e-06
1.51821e-06, 2.66494e-06
1.49252e-06, 2.62898e-06
1.46726e-06, 2.59352e-06
1.44243e-06, 2.55855e-06
1.41801e-06, 2.52406e-06
1.39401e-06, 2.49006e-06
1.37041e-06, 2.45652e-06
1.34721e-06, 2.42344e-06
1.3244e-06, 2.39083e-06
1.30198e-06, 2.35866e-06
1.27993e-06, 2.32694e-06
1.25826e-06, 2.29565e-06
1.23695e-06, 2.2648e-06
1.216e-06, 2.23437e-06
1.19541e-06, 2.20436e-06
1.17516e-06, 2.17477e-06
1.15525e-06, 2.14558e-06
1.13569e-06, 2.1168e-06
1.11645e-06, 2.08841e-06
1.09753e-06, 2.06041e-06
1.07894e-06, 2.03279e-06
1.06065e-06, 2.00556e-06
1.04268e-06, 1.9787e-06
1.02501e-06, 1.9522e-06
1.00764e-06, 1.92607e-06
9.90564e-07, 1.9003e-06
9.73775e-07, 1.87489e-06
9.5727e-07, 1.84982e-06
9.41044e-07, 1.82509e-06
9.25091e-07, 1.80071e-06
9.09408e-07, 1.77665e-06
8.93991e-07, 1.75293e-06
8.78833e-07, 1.72953e-06
8.63932e-07, 1.70645e-06
8.49283e-07, 1.68394e-06
8.34881e-07, 1.66299e-06
8.20723e-07, 1.6423e-06
8.06804e-07, 1.62187e-06
7.9312e-07, 1.6017e-06
7.79668e-07, 1.58178e-06
7.66443e-07, 1.56211e-06
7.53442e-07, 1.54269e-06
7.4066e-07, 1.52351e-06
7.28095e-07, 1.50457e-06
7.15742e-07, 1.48587e-06
7.03599e-07, 1.4674e-06
6.9166e-07, 1.44917e-06
6.79924e-07, 1.43117e-06
6.68386e-07, 1.41339e-06
6.57043e-07, 1.39583e-06
6.45892e-07, 1.3785e-06
6.3493e-07, 1.36138e-06
6.24153e-07, 1.34448e-06
6.13559e-07, 1.32779e-06
6.03144e-07, 1.31131e-06
5.92905e-07, 1.29503e-06
5.8284e-07, 1.27896e-06
5.72945e-07, 1.26309e-06
5.63217e-07, 1.24742e-06
5.53654e-07, 1.23195e-06
5.44253e-07, 1.21666e-06
5.35011e-07, 1.20158e-06
5.25926e-07, 1.18668e-06
5.16994e-07, 1.17196e-06
5.08214e-07, 1.15743e-06
4.99582e-07, 1.14309e-06
4.91096e-07, 1.12892e-06
4.82755e-07, 1.11493e-06
4.74554e-07, 1.10111e-06
4.66492e-07, 1.08747e-06
4.58567e-07, 1.074e-06
4.50777e-07, 1.06069e-06
4.43118e-07, 1.04756e-06
4.35589e-07, 1.03458e-06
4.28187e-07, 1.02177e-06
4.20911e-07, 1.00912e-06
4.13758e-07, 9.9663e-07
4.06727e-07, 9.84294e-07
3.99814e-07, 9.72112e-07
3.93019e-07, 9.60082e-07
3.86339e-07, 9.48203e-07
3.79772e-07, 9.36472e-07
3.73316e-07, 9.24887e-07
3.6697e-07, 9.13447e-07
3.60731e-07, 9.0215e-07
3.54599e-07, 8.90994e-07
3.4857e-07, 8.79977e-07
3.42643e-07, 8.69098e-07
3.36817e-07, 8.58354e-07
3.3109e-07, 8.47745e-07
3.25459e-07, 8.37268e-07
3.19925e-07, 8.26921e-07
3.14484e-07, 8.16704e-07
3.09135e-07, 8.06614e-07
3.03877e-07, 7.9665e-07
2.98708e-07, 7.8681e-07
2.93627e-07, 7.77093e-07
2.88632e-07, 7.67496e-07
2.83722e-07, 7.5802e-07
2.78895e-07, 7.48661e-07
2.74151e-07, 7.3942e-07
2.69486e-07, 7.30293e-07
2.64901e-07, 7.2128e-07
2.60393e-07, 7.12379e-07
2.55962e-07, 7.03589e-07
2.51606e-07, 6.94908e-07
2.47325e-07, 6.86336e-07
2.43115e-07, 6.7787e-07
2.38978e-07, 6.6951e-07
2.3491e-07, 6.61254e-07
2.30912e-07, 6.531e-07
2.26981e-07, 6.45048e-07
2.23117e-07, 6.37096e-07
2.19319e-07, 6.29243e-07
2.15585e-07, 6.21487e-07
2.11914e-07, 6.13828e-07
2.08306e-07, 6.06264e-07
2.0476e-07, 5.98795e-07
2.01273e-07, 5.91418e-07
1.97846e-07, 5.84133e-07
1.94476e-07, 5.76938e-07
1.91164e-07, 5.69833e-07
1.87909e-07, 5.62816e-07
1.84708e-07, 5.55886e-07
1.81562e-07, 5.49042e-07
1.7847e-07, 5.42283e-07
1.75429e-07, 5.35609e-07
1.72441e-07, 5.29017e-07
1.69503e-07, 5.22506e-07
1.66616e-07, 5.16077e-07
1.63777e-07, 5.09728e-07
1.60986e-07, 5.03457e-07
1.58243e-07, 4.97264e-07
1.55547e-07, 4.91148e-07
1.52896e-07, 4.85108e-07
1.50291e-07, 4.79142e-07
1.47729e-07, 4.73251e-07
1.45212e-07, 4.67433e-07
1.42737e-07, 4.61687e-07
1.40304e-07, 4.56012e-07
1.37912e-07, 4.50407e-07
1.35561e-07, 4.44872e-07
1.3325e-07, 4.39406e-07
1.30979e-07, 4.34007e-07
1.28746e-07, 4.28675e-07
1.26551e-07, 4.23409e-07
1.24393e-07, 4.18209e-07
1.22272e-07, 4.13073e-07
1.20187e-07, 4.08e-07
1.1827e-07, 4.0299e-07
1.16447e-07, 3.98043e-07
1.14652e-07, 3.93156e-07
1.12885e-07, 3.8833e-07
1.11146e-07, 3.83564e-07
1.09433e-07, 3.78857e-07
1.07747e-07, 3.74208e-07
1.06087e-07, 3.69616e-07
1.04452e-07, 3.65081e-07
1.02843e-07, 3.60603e-07
1.01259e-07, 3.5618e-07
9.96993e-08, 3.51811e-07
9.81637e-08, 3.47496e-07
9.66518e-08, 3.43235e-07
9.51633e-08, 3.39027e-07
9.36978e-08, 3.3487e-07
9.2255e-08, 3.30765e-07
9.08344e-08, 3.26711e-07
8.94358e-08, 3.22707e-07
8.80588e-08, 3.18752e-07
8.67031e-08, 3.14846e-07
8.53684e-08, 3.10988e-07
8.40543e-08, 3.07178e-07
8.27604e-08, 3.03415e-07
8.14866e-08, 2.99698e-07
8.02324e-08, 2.96028e-07
7.89976e-08, 2.92402e-07
7.77819e-08, 2.88822e-07
7.6585e-08, 2.85285e-07
7.54065e-08, 2.81793e-07
7.42462e-08, 2.78343e-07
7.31039e-08, 2.74936e-07
7.19791e-08, 2.71571e-07
7.08718e-08, 2.68247e-07
6.97815e-08, 2.64965e-07
6.87081e-08, 2.61723e-07
6.76512e-08, 2.5852e-07
6.66107e-08, 2.55358e-07
6.55862e-08, 2.52234e-07
6.45775e-08, 2.49149e-07
6.35843e-08, 2.46102e-07
6.26065e-08, 2.43092e-07
6.16438e-08, 2.4012e-07
