1.225 1.21121 1.20606 1.20345 1.20316 1.20326 1.20238 1.20056 1.1985 1.19679 1.1956 1.19172 1.15278 1.13069 1.19472 1.2647 1.33652 1.38743 1.40954 1.39799 1.37136 1.36543 1.43513 1.66904 2.16192 2.72407 2.5961 2.1794 1.821 1.52182 1.27458 1.07783 0.933045 0.844026 0.803216 0.768511 0.734316 0.783477 1.15278 1.19172 1.1956 1.19679 1.1985 1.20056 1.20238 1.20326 1.20316 1.20345 1.20606 1.21121 1.225 
1.2122 1.2122 1.20728 1.20484 1.20464 1.20471 1.2037 1.20165 1.19929 1.19703 1.19497 1.20386 1.26406 1.13069 1.19472 1.2647 1.33652 1.38743 1.40954 1.39799 1.37136 1.36543 1.43513 1.66904 2.16192 2.72407 2.5961 2.1794 1.821 1.52182 1.27458 1.07783 0.933045 0.844026 0.803216 0.768511 0.734316 0.783477 1.0415 1.17958 1.19624 1.19655 1.19772 1.19948 1.20106 1.2018 1.20169 1.20205 1.20484 1.21022 1.21022 
1.2131 1.2131 1.20837 1.20608 1.20597 1.2061 1.2051 1.20299 1.20048 1.19798 1.19637 1.20106 1.20543 1.14004 1.2088 1.27978 1.34921 1.39607 1.41343 1.39974 1.37694 1.3852 1.48915 1.79358 2.33662 2.75452 2.63567 2.25142 1.8802 1.57234 1.31978 1.1172 0.964177 0.864475 0.814979 0.777119 0.73366 0.750253 1.02525 1.17478 1.19698 1.19654 1.19715 1.19853 1.19978 1.20028 1.20006 1.20047 1.20346 1.20908 1.20908 
1.21394 1.21394 1.20937 1.20724 1.20726 1.20755 1.20669 1.2047 1.20219 1.1996 1.19986 1.21035 1.20835 1.14788 1.22016 1.29238 1.35973 1.40366 1.41786 1.40317 1.38431 1.4057 1.53941 1.8853 2.40249 2.7587 2.65641 2.28413 1.91495 1.60546 1.352 1.14758 0.990314 0.883146 0.826175 0.786406 0.737628 0.723145 0.97501 1.15455 1.19592 1.19714 1.19703 1.19798 1.1988 1.1989 1.19839 1.19866 1.20172 1.20756 1.20756 
1.21482 1.21482 1.21041 1.2084 1.20857 1.20902 1.20835 1.20653 1.2041 1.20188 1.20354 1.2107 1.19781 1.16069 1.23604 1.30836 1.3727 1.41237 1.42205 1.40609 1.39328 1.43441 1.60911 2.00063 2.49008 2.75343 2.66663 2.33224 1.9654 1.65065 1.39356 1.18554 1.02297 0.907345 0.84121 0.799215 0.747405 0.697509 0.919063 1.12936 1.19397 1.19848 1.19754 1.19802 1.1984 1.19798 1.19698 1.19687 1.19973 1.20562 1.20562 
1.21578 1.21578 1.21153 1.20963 1.20989 1.21047 1.20995 1.20825 1.20592 1.20452 1.20789 1.21118 1.19164 1.17567 1.25356 1.32526 1.38557 1.41996 1.42455 1.40795 1.40438 1.47183 1.68852 2.09822 2.524 2.72041 2.65716 2.36318 2.01188 1.69755 1.43895 1.22859 1.06162 0.937774 0.861331 0.815911 0.763696 0.679922 0.858342 1.09395 1.18859 1.20033 1.19881 1.19871 1.19871 1.19779 1.19621 1.19552 1.19786 1.20342 1.20342 
1.21683 1.21683 1.21274 1.21092 1.21122 1.21187 1.21145 1.2098 1.20764 1.20731 1.21098 1.20884 1.18901 1.19395 1.27318 1.34305 1.39824 1.42637 1.42575 1.41049 1.42227 1.52439 1.78173 2.19178 2.55171 2.68295 2.64005 2.39378 2.06312 1.75052 1.49017 1.27745 1.10655 0.975034 0.88765 0.836652 0.786438 0.681397 0.788138 1.04193 1.17646 1.2018 1.20062 1.19981 1.19953 1.19829 1.19627 1.19499 1.19659 1.20139 1.20139 
1.21794 1.21794 1.21403 1.21228 1.21258 1.21326 1.21287 1.21124 1.20949 1.21028 1.21261 1.20508 1.19086 1.21585 1.29506 1.36185 1.41094 1.43196 1.42615 1.41579 1.45158 1.59434 1.88239 2.2683 2.55154 2.63529 2.60929 2.41202 2.11273 1.808 1.54755 1.33292 1.15862 1.0202 0.921613 0.86212 0.814837 0.707771 0.718615 0.968379 1.15291 1.20117 1.20256 1.20094 1.20046 1.19916 1.19697 1.19535 1.19626 1.2 1.2 
1.2191 1.2191 1.21542 1.21372 1.21399 1.21465 1.21426 1.21272 1.21167 1.21301 1.21232 1.20196 1.19937 1.24193 1.31961 1.38189 1.42325 1.43534 1.4254 1.42811 1.49905 1.68316 1.98552 2.32716 2.5356 2.58659 2.57132 2.42186 2.15974 1.86809 1.61002 1.39495 1.21842 1.07435 0.964907 0.893965 0.847795 0.754644 0.679068 0.871112 1.10946 1.19589 1.20439 1.20202 1.20119 1.19998 1.19792 1.19635 1.19686 1.19955 1.19955 
1.2203 1.2203 1.21688 1.21524 1.21544 1.21604 1.21563 1.21435 1.21407 1.21479 1.21056 1.20245 1.21618 1.27227 1.34611 1.40152 1.43293 1.43608 1.42958 1.45924 1.572 1.78564 2.07543 2.35146 2.49022 2.52308 2.51601 2.41467 2.20226 1.9322 1.67771 1.46221 1.28467 1.13715 1.0187 0.93496 0.884507 0.811258 0.694729 0.767861 1.03357 1.1805 1.20604 1.20347 1.20182 1.20066 1.19886 1.19761 1.19811 1.20002 1.20002 
1.22152 1.22152 1.21842 1.21683 1.21693 1.21741 1.21697 1.21618 1.21643 1.21531 1.20919 1.20947 1.24079 1.30492 1.37294 1.42021 1.44132 1.43986 1.4482 1.51187 1.65622 1.87552 2.13284 2.34998 2.44629 2.46977 2.4587 2.38279 2.22185 1.99304 1.75396 1.53926 1.35889 1.20763 1.0819 0.98606 0.925486 0.867869 0.757716 0.705807 0.920473 1.14194 1.2058 1.20618 1.20286 1.20143 1.19985 1.19898 1.19971 1.20117 1.20117 
1.2227 1.2227 1.22 1.21848 1.2184 1.21864 1.21841 1.21844 1.21824 1.21434 1.21011 1.22444 1.27246 1.34116 1.4028 1.43885 1.44668 1.44522 1.47667 1.57312 1.74152 1.96778 2.20917 2.38623 2.44694 2.46496 2.45546 2.38302 2.23365 2.03145 1.82052 1.62226 1.44611 1.29175 1.15793 1.04935 0.973898 0.92043 0.836486 0.720729 0.802507 1.05933 1.19458 1.21071 1.20492 1.20258 1.20117 1.2006 1.20156 1.20278 1.20278 
1.22382 1.22382 1.22157 1.2201 1.21972 1.21991 1.22034 1.22045 1.21769 1.21252 1.21806 1.25257 1.31567 1.38313 1.42891 1.4427 1.43902 1.45593 1.53066 1.67561 1.88303 2.10901 2.2613 2.27112 2.21865 2.23429 2.3024 2.35692 2.29455 2.09981 1.88014 1.68939 1.52825 1.38395 1.25023 1.13199 1.03945 0.975903 0.910849 0.796524 0.74264 0.932851 1.1499 1.21355 1.20945 1.20422 1.20297 1.20276 1.20385 1.20483 1.20483 
1.22481 1.22481 1.22306 1.22161 1.22105 1.22144 1.22181 1.21985 1.2153 1.21755 1.24329 1.29776 1.36288 1.41074 1.42868 1.43066 1.45301 1.53115 1.67239 1.85284 2.0153 2.05982 1.93393 1.73024 1.60112 1.60215 1.71226 1.92666 2.1537 2.17789 2.00148 1.78214 1.60231 1.46066 1.33721 1.22356 1.12382 1.04675 0.984194 0.893735 0.776121 0.820291 1.04855 1.19692 1.21719 1.20781 1.20505 1.20558 1.20681 1.20741 1.20741 
1.22565 1.22565 1.22448 1.22313 1.2224 1.22225 1.22094 1.21785 1.21959 1.2395 1.28398 1.34071 1.38699 1.41212 1.43069 1.47369 1.56577 1.69937 1.82864 1.88927 1.82222 1.6243 1.38737 1.22588 1.16392 1.15634 1.19313 1.32559 1.61542 1.9328 2.04877 1.93772 1.74315 1.56187 1.41708 1.30127 1.20405 1.12388 1.05927 0.988236 0.874664 0.795728 0.92125 1.13043 1.21704 1.2162 1.20839 1.2087 1.21048 1.2106 1.2106 
1.22639 1.22639 1.2258 1.22447 1.22304 1.2215 1.21959 1.22134 1.23632 1.27076 1.31818 1.36444 1.40386 1.44755 1.51394 1.60819 1.70537 1.75628 1.71877 1.58724 1.39762 1.22848 1.14158 1.12733 1.13723 1.13626 1.12001 1.11126 1.18624 1.42348 1.72787 1.90573 1.88825 1.74377 1.56357 1.40514 1.28305 1.19226 1.12435 1.06524 0.981722 0.865257 0.848873 1.01544 1.18049 1.22446 1.21631 1.21232 1.21429 1.21427 1.21427 
1.22679 1.22679 1.22676 1.22551 1.22332 1.22098 1.22134 1.23127 1.25727 1.29883 1.35024 1.40909 1.47809 1.5557 1.6263 1.65978 1.62753 1.52746 1.39039 1.26001 1.17516 1.15491 1.17845 1.20852 1.22363 1.22604 1.21666 1.18621 1.14262 1.1576 1.30366 1.54189 1.74125 1.81198 1.74261 1.59068 1.427 1.29183 1.19385 1.12532 1.06195 0.966685 0.87187 0.915679 1.08874 1.20881 1.22819 1.21926 1.21751 1.21744 1.21744 
1.22691 1.22691 1.22805 1.22724 1.22374 1.2204 1.22446 1.24457 1.28549 1.34676 1.42422 1.50764 1.57585 1.60132 1.56783 1.48072 1.36656 1.26213 1.19637 1.17489 1.18737 1.21401 1.23404 1.24217 1.24378 1.24488 1.24622 1.24298 1.22145 1.17914 1.16207 1.22822 1.37944 1.56084 1.6906 1.70722 1.61515 1.4695 1.32524 1.21216 1.13108 1.05316 0.951883 0.892428 0.979353 1.14049 1.22598 1.23204 1.22248 1.21855 1.21855 
1.22808 1.22808 1.23009 1.2275 1.22055 1.21857 1.23496 1.2792 1.35167 1.44124 1.52288 1.56258 1.53762 1.4573 1.35481 1.2638 1.20629 1.18679 1.1944 1.21231 1.22813 1.23549 1.23504 1.23191 1.22991 1.2299 1.23195 1.23634 1.23974 1.23094 1.20395 1.17825 1.18938 1.26504 1.40268 1.54867 1.63125 1.61185 1.50712 1.36856 1.24296 1.14277 1.04536 0.94527 0.92149 1.03227 1.17558 1.23733 1.23469 1.22092 1.22092 
1.22829 1.22829 1.22708 1.22056 1.21652 1.23207 1.28063 1.36097 1.45257 1.51827 1.52161 1.45689 1.35768 1.26894 1.21497 1.19611 1.20061 1.21397 1.22545 1.23111 1.2313 1.22839 1.22523 1.22322 1.22234 1.22211 1.22249 1.22417 1.22819 1.23313 1.23237 1.21952 1.19812 1.18504 1.20986 1.29298 1.41838 1.53154 1.5733 1.52119 1.40585 1.27701 1.15888 1.04451 0.951052 0.95407 1.07157 1.19597 1.24126 1.23062 1.23062 
1.22002 1.22002 1.21523 1.21655 1.23801 1.29145 1.37285 1.4549 1.49549 1.46589 1.38011 1.28582 1.22369 1.20164 1.20432 1.21519 1.22463 1.22921 1.22946 1.22757 1.22531 1.22375 1.2231 1.22301 1.22303 1.22291 1.22266 1.22244 1.22288 1.22503 1.22872 1.23101 1.22747 1.21516 1.19841 1.19572 1.23263 1.31983 1.43179 1.51103 1.5094 1.42824 1.30735 1.17918 1.05511 0.969077 0.984125 1.09374 1.19681 1.22648 1.22648 
1.20849 1.20849 1.21479 1.24772 1.30985 1.38753 1.45044 1.46149 1.40735 1.31782 1.24222 1.20723 1.20511 1.21516 1.22391 1.22792 1.22825 1.2269 1.22537 1.22437 1.22402 1.22415 1.22447 1.22474 1.22488 1.22487 1.22471 1.22435 1.22384 1.22355 1.22417 1.22613 1.22868 1.22949 1.22465 1.21257 1.20057 1.20821 1.25802 1.34988 1.44261 1.47935 1.43555 1.33293 1.20485 1.07698 0.993633 1.00651 1.09469 1.16834 1.16834 
1.21918 1.21918 1.25514 1.32392 1.39908 1.44222 1.42627 1.35635 1.27305 1.21908 1.20493 1.21273 1.2228 1.22745 1.22778 1.22652 1.22526 1.22455 1.22437 1.22452 1.2248 1.22506 1.22525 1.22536 1.22541 1.22543 1.22541 1.22531 1.22509 1.22468 1.22424 1.22414 1.22481 1.2265 1.22845 1.22813 1.22202 1.21014 1.20348 1.22522 1.29135 1.38194 1.44364 1.43347 1.35267 1.22937 1.09973 1.01568 1.01689 1.07543 1.07543 
1.27137 1.27137 1.32851 1.39298 1.42245 1.39267 1.31964 1.24707 1.20968 1.20724 1.21825 1.22626 1.22807 1.22685 1.22543 1.22469 1.22453 1.22465 1.22485 1.22502 1.22514 1.22521 1.22523 1.22523 1.22523 1.22524 1.22526 1.22527 1.22526 1.22517 1.22497 1.22466 1.22439 1.22446 1.22533 1.2271 1.22854 1.22634 1.21721 1.20565 1.21115 1.25706 1.33895 1.41056 1.42071 1.35559 1.23768 1.10826 1.02269 1.01322 1.01322 
1.3733 1.3733 1.39207 1.39143 1.35473 1.29416 1.23908 1.21244 1.2118 1.2204 1.22613 1.22713 1.22611 1.22515 1.22477 1.22476 1.22487 1.22497 1.22503 1.22507 1.22508 1.22508 1.22507 1.22507 1.22506 1.22507 1.22507 1.22508 1.2251 1.2251 1.22507 1.225 1.22487 1.22472 1.22471 1.22512 1.2262 1.22736 1.22629 1.21996 1.21067 1.2128 1.246 1.31122 1.37644 1.40327 1.37267 1.29142 1.1902 1.11661 1.11661 
1.225 1.225 1.225 1.225 1.225 1.225 1.225 1.225 1.225 1.225 1.225 1.225 1.225 1.225 1.225 1.225 1.225 1.225 1.225 1.225 1.225 1.225 1.225 1.225 1.225 1.225 1.225 1.225 1.225 1.225 1.225 1.225 1.225 1.225 1.225 1.225 1.225 1.225 1.225 1.225 1.225 1.225 1.225 1.225 1.225 1.225 1.225 1.225 1.225 1.225 1.225 
