623.767 606.569 603.017 600.783 599.101 597.413 595.537 593.545 591.614 589.916 588.735 588.034 575.974 549.238 588.444 599.82 616.835 626.997 627.749 619.13 607.683 598.095 596.5 598.156 526.355 84.278 212.714 499.589 608.417 630.305 605.312 559.802 512.295 475.767 456.654 438.794 431.185 451.014 575.974 588.034 588.735 589.916 591.614 593.545 595.537 597.413 599.101 600.783 603.017 606.569 623.767 
607.705 607.705 604.487 602.572 601.131 599.598 597.761 595.692 593.596 591.645 590.204 594.346 618.813 553.58 591.73 602.329 618.693 627.989 629.146 622.712 613.176 604.435 600.44 589.536 487.561 131.484 242.096 494.268 605.178 626.871 602.094 557.246 510.658 476.109 458.771 441.521 434.784 455.769 536.342 581.722 587.265 588.187 589.632 591.398 593.313 595.229 597.071 598.994 601.547 605.433 605.433 
608.711 608.711 605.735 604.052 602.813 601.455 599.743 597.733 595.615 593.473 591.434 591.061 590.362 565.887 599.979 610.389 625.553 633.271 633.964 629.121 622.967 620.355 626.417 626.789 511.907 165.126 273.708 511.119 622.449 644.858 620.452 574.882 525.707 487.149 466.364 448.008 437.284 442.073 540.118 583.862 587.827 587.301 588.081 589.426 591.048 592.832 594.72 596.849 599.763 604.058 604.058 
609.619 609.619 606.796 605.277 604.218 603.065 601.565 599.758 597.78 595.668 594.406 596.897 595.35 573.672 604.747 616.034 630.78 638.32 639.515 635.738 631.138 631.191 640.417 634.499 489.706 206.243 302.422 507.177 619.498 647.218 627.444 584.903 536.541 496.123 472.369 453.378 440.174 430.67 525.311 580.58 589.691 588.35 587.948 588.438 589.352 590.594 592.162 594.217 597.358 602.102 602.102 
610.553 610.553 607.852 606.46 605.559 604.604 603.332 601.765 600.007 598.229 597.744 599.363 594.192 581.163 610.097 622.222 636.179 642.905 643.423 639.445 635.79 639.177 652.927 640.994 484.604 264.021 335.345 511.701 619.576 650.16 634.561 595.291 548.322 506.364 479.148 459.419 444.464 418.177 506.65 575.346 592.148 591.038 589.527 589.044 588.988 589.286 590.047 591.521 594.467 599.447 599.447 
611.585 611.585 609.009 607.725 606.95 606.151 605.056 603.668 602.092 600.796 601.184 601.545 593.877 588.219 615.321 627.939 640.536 645.901 645.214 640.759 638.272 645.336 659.829 631.024 468.555 319.469 367.895 511.298 615.066 649.994 639.761 604.92 560.518 517.975 487.443 466.701 450.999 408.767 485.266 565.723 592.867 594.005 592.069 590.991 590.168 589.483 589.157 589.571 591.705 596.37 596.37 
612.716 612.716 610.276 609.084 608.398 607.707 606.728 605.439 604.003 603.172 603.728 602.139 594.478 595.976 620.917 633.469 644.398 648.242 646.424 641.957 641.78 652.977 664.324 618.378 469.144 374.878 403.467 514.664 611.392 649.899 644.916 614.738 573.514 531.296 497.965 475.558 459.741 409.473 457.729 549.235 590.355 596.017 594.393 593.244 592.231 591.008 589.802 589.068 589.922 593.559 593.559 
613.917 613.917 611.625 610.512 609.89 609.275 608.368 607.135 605.895 605.524 605.629 602.183 596.634 604.535 627.087 639.208 648.444 650.799 647.921 644.086 647.607 661.86 664.698 603.667 478.413 424.239 439.295 519.329 606.933 649.102 650.028 625.105 587.705 546.769 511.366 486.395 470.442 423.226 427.125 524.3 583.763 596.635 595.899 594.862 594.132 592.998 591.514 590.078 589.694 591.818 591.818 
615.162 615.162 613.036 611.997 611.424 610.865 610.007 608.851 607.911 607.794 606.864 602.527 601.014 613.877 634.02 645.337 652.619 653.084 649.261 647.723 656.418 670.806 661.173 592.332 498.722 469.038 475.011 528.192 603.47 647.612 654.533 635.585 602.898 564.417 527.959 499.814 483.085 446.011 408.761 489.113 570.726 595.777 596.927 595.775 595.321 594.611 593.409 591.965 590.909 591.587 591.587 
616.427 616.427 614.494 613.53 613 612.484 611.661 610.631 610.012 609.71 607.571 604.101 607.894 623.846 641.329 651.162 656.088 654.785 651.826 655.328 668.474 677.645 654.583 588.137 525.984 510.491 510.978 541.222 601.407 645.887 658.301 645.296 617.968 583.336 547.443 516.643 497.582 470.886 417.45 448.327 546.37 592.282 598.216 596.709 596.114 595.697 594.923 593.917 592.888 592.682 592.682 
617.682 617.682 615.974 615.097 614.608 614.111 613.315 612.494 612.096 611.155 608.372 607.71 616.672 633.595 648.431 656.667 659.466 657.445 657.459 665.798 678.442 678.342 647.47 592.36 553.336 544.585 544.146 559.906 602.707 644.124 661.991 655.123 632.861 602.34 568.355 536.39 513.832 493.579 448.341 422.546 507.303 581.821 599.782 598.525 597.215 596.746 596.178 595.594 594.963 594.517 594.517 
618.877 618.877 617.434 616.66 616.193 615.69 615.027 614.546 613.988 612.008 609.796 613.534 626.878 643.837 656.556 662.379 662.011 659.627 663.141 673.974 683.593 676.633 643.246 597.675 571.855 565.368 564.203 575.282 607.465 642.46 663.104 663.791 648.51 622.879 591.265 558.876 532.486 513.559 483.177 431.232 463.566 556.187 598.593 601.65 599.085 598.237 597.678 597.249 596.965 596.613 596.613 
619.959 619.959 618.81 618.127 617.664 617.26 616.927 616.499 614.963 612.465 613.475 623.336 640.158 655.51 663.537 663.724 660.452 661.623 671.881 686.196 692.902 677.551 643.025 618.95 615.945 612.535 600.665 591.863 610.76 642.789 662.803 667.228 659.65 642.31 616.494 585.932 556.72 534.514 512.557 466.839 441.123 513.171 586.487 604.976 602.253 600.258 599.719 599.343 599.186 598.911 598.911 
620.862 620.862 620.014 619.419 619.029 618.843 618.567 617.385 615.23 615.358 622.874 637.973 653.581 662.217 663.041 661.095 664.42 677.503 695.047 705.323 698.216 675.932 657.916 653.642 653.402 652.957 651.84 640.394 629.507 643.858 665.974 672.21 666.076 653.865 635.98 612.294 585.438 560.811 540.008 508.2 458.219 473.164 554.433 602.35 607.152 603.301 602.223 602.089 601.994 601.637 601.637 
621.556 621.556 621.022 620.533 620.208 619.954 619.154 617.68 617.847 623.742 636.241 650.137 658.966 661.939 664.526 673.207 689.778 707.056 713.592 705.165 685.838 664.901 647.554 633.212 622.946 620.406 628.783 643.572 652.726 655.749 667.957 680.749 679.919 667.377 649.622 629.934 608.524 586.75 566.806 544.213 501.695 467.057 512.083 583.17 610.134 608.524 605.457 605.303 605.487 604.962 604.962 
622.069 622.069 621.816 621.353 620.886 620.28 619.417 619.717 624.109 633.76 645.614 655.468 663.062 672.169 685.881 702.065 712.846 710.977 696.696 675.261 651.413 630.895 615.696 607.998 607.19 606.367 603.842 608.648 626.915 648.543 665.01 679.507 690.087 689.055 673.608 650.637 627.127 605.947 587.484 570.275 543.67 498.493 489.102 547.011 601.317 614.311 610.588 608.843 609.275 608.767 608.767 
622.33 622.33 622.311 621.882 621.272 620.525 620.452 623.189 630.384 641.185 653.574 667.073 682.151 697.103 707.322 707.481 695.678 675.777 654.026 633.981 618.565 611.832 614.032 619.593 623.048 623.803 621.382 614.409 608.59 617.75 638.57 660.954 679.28 692.62 695.452 682.663 658.205 631.02 607.11 588.282 570.423 538.919 501.644 515.161 573.628 612.214 617.271 613.462 612.695 612.385 612.385 
622.412 622.412 622.897 622.622 621.566 620.391 621.27 626.815 638.023 653.988 672.64 690.409 701.954 702.713 692.225 673.507 652.135 633.6 621.102 615.321 616.386 621.133 625.053 626.923 627.463 627.815 628.05 627.009 622.33 614.813 614.846 628.321 648.22 668.417 686.047 695.382 689.895 669.464 641.048 613.297 591.047 568.525 533.713 509.91 538.753 592.014 618.983 619.854 616.308 614.708 614.708 
622.974 622.974 623.787 622.722 620.253 619.349 624.07 636.789 656.325 677.915 694.334 698.992 690.237 672.326 651.676 633.685 621.868 617.031 617.8 621.023 624.081 625.569 625.55 624.961 624.565 624.576 625.052 625.962 626.51 624.566 619.437 615.745 620.082 633.24 652.388 672.77 688.074 691.492 678.857 652.885 623.006 595.936 566.65 531.406 520.865 557.483 603.997 623.277 622.157 616.562 616.562 
623.369 623.369 622.659 620.066 618.47 623.303 637.763 659.643 681.365 693.437 690.317 674.323 653.228 634.907 623.213 618.512 618.946 621.436 623.638 624.775 624.844 624.32 623.758 623.374 623.177 623.116 623.215 623.587 624.344 625.216 624.984 622.487 618.73 617.306 623.154 637.362 656.813 675.62 686.609 682.702 662.588 633.366 602.043 566.84 533.607 532.665 570.712 610.592 625.709 620.596 620.596 
620.753 620.753 618.356 618.559 625.256 641.268 663.366 682.323 688.433 678.658 658.783 638.485 624.904 619.529 619.606 621.697 623.566 624.468 624.532 624.203 623.808 623.536 623.415 623.389 623.379 623.345 623.288 623.251 623.355 623.753 624.412 624.8 624.066 621.784 618.955 619.306 626.915 642.161 661.326 677.19 681.075 668.299 642.277 608.983 570.643 540.173 543.155 577.935 611.353 620.756 620.756 
616.681 616.681 618.552 628.825 646.927 667.378 681.228 680.789 666.218 645.621 628.814 620.675 619.745 621.69 623.451 624.257 624.332 624.094 623.831 623.657 623.595 623.617 623.671 623.721 623.747 623.742 623.702 623.624 623.527 623.48 623.595 623.946 624.394 624.513 623.602 621.409 619.492 621.679 631.366 648.075 665.87 675.646 670.295 649.478 617.066 578.095 549.092 551.275 578.045 604.569 604.569 
618.888 618.888 632.044 651.488 670.526 679.001 672.644 655.027 635.67 623.228 619.68 621.176 623.26 624.203 624.274 624.04 623.814 623.688 623.655 623.679 623.727 623.775 623.811 623.834 623.845 623.849 623.842 623.818 623.766 623.686 623.603 623.585 623.714 624.021 624.374 624.317 623.197 621.04 620.081 624.724 637.494 655.118 669.035 670.313 655.073 624.582 585.89 557.226 553.839 576.515 576.515 
632.864 632.864 653.003 668.152 673.291 664.444 646.733 629.747 620.796 619.928 622.263 623.961 624.348 624.13 623.869 623.727 623.69 623.704 623.735 623.765 623.787 623.8 623.806 623.809 623.81 623.812 623.815 623.815 623.808 623.785 623.742 623.684 623.64 623.67 623.847 624.176 624.429 623.993 622.224 620.049 621.504 630.945 647.405 662.891 667.5 655.032 625.545 586.605 555.754 552.67 552.67 
672.416 672.416 674.189 667.826 654.943 639.414 626.888 621.139 621.056 622.841 623.947 624.133 623.969 623.812 623.744 623.735 623.748 623.761 623.77 623.776 623.778 623.779 623.779 623.779 623.778 623.779 623.78 623.781 623.782 623.78 623.772 623.758 623.739 623.723 623.734 623.817 623.996 624.161 623.926 622.76 621.115 621.752 628.18 640.833 655.406 665.528 664.664 648.965 622.399 594.976 594.976 
623.767 623.767 623.767 623.767 623.767 623.767 623.767 623.767 623.767 623.767 623.767 623.767 623.767 623.767 623.767 623.767 623.767 623.767 623.767 623.767 623.767 623.767 623.767 623.767 623.767 623.767 623.767 623.767 623.767 623.767 623.767 623.767 623.767 623.767 623.767 623.767 623.767 623.767 623.767 623.767 623.767 623.767 623.767 623.767 623.767 623.767 623.767 623.767 623.767 623.767 623.767 
