0 -9.13549e-15 -1.41206e-14 -6.18464e-14 -2.61006e-14 2.87201e-14 1.96093e-14 3.2363e-14 1.35725e-14 6.66134e-15 -2.62151e-14 -2.63678e-15 -2.25728e-15 41.7553 36.2691 28.9556 23.6801 16.0868 5.43237 -8.53074 -26.7215 -50.7437 -83.5837 -128.122 -158.512 -9.69785e-14 158.512 128.122 83.5837 50.7437 26.7215 8.53074 -5.43237 -16.0868 -23.6801 -28.9556 -36.2691 -41.7553 -2.25728e-15 -2.63678e-15 -2.62151e-14 6.66134e-15 1.35725e-14 3.2363e-14 1.96093e-14 2.87201e-14 -2.61006e-14 -6.18464e-14 -1.41206e-14 -9.13549e-15 0 
0.00472783 0.00472782 0.0183127 0.0320694 0.0485918 0.072316 0.110046 0.176433 0.283506 0.379549 0.190044 -0.271787 6.44519 43.212 37.2476 27.3435 20.9632 13.377 2.61335 -11.8311 -30.8849 -56.4702 -92.5954 -142.357 -167.976 -1.59309e-13 167.976 142.357 92.5954 56.4702 30.8849 11.8311 -2.61335 -13.377 -20.9632 -27.3435 -37.2476 -43.212 -6.44519 0.271787 -0.190044 -0.379549 -0.283506 -0.176433 -0.110046 -0.072316 -0.0485918 -0.0320694 -0.0183127 -0.00472782 -0.00472783 
0.00821704 0.00821703 0.033025 0.0553766 0.0817965 0.122105 0.189279 0.309063 0.503144 0.690071 0.404378 -0.526311 6.77951 41.2463 37.0332 27.5194 20.6447 12.8949 2.05927 -12.5579 -31.9548 -58.2439 -95.911 -146.79 -163.621 4.74061e-14 163.621 146.79 95.911 58.2439 31.9548 12.5579 -2.05927 -12.8949 -20.6447 -27.5194 -37.0332 -41.2463 -6.77951 0.526311 -0.404378 -0.690071 -0.503144 -0.309063 -0.189279 -0.122105 -0.0817965 -0.0553766 -0.033025 -0.00821703 -0.00821704 
0.0116868 0.0116868 0.0497259 0.0837601 0.123612 0.184825 0.288159 0.474486 0.777992 1.05221 0.55678 -0.385018 9.46752 40.2614 36.7739 27.1822 19.6882 11.7224 0.670144 -14.2992 -34.2485 -61.6246 -101.322 -151.202 -151.613 -7.04129e-15 151.613 151.202 101.322 61.6246 34.2485 14.2992 -0.670144 -11.7224 -19.6882 -27.1822 -36.7739 -40.2614 -9.46752 0.385018 -0.55678 -1.05221 -0.777992 -0.474486 -0.288159 -0.184825 -0.123612 -0.0837601 -0.0497259 -0.0116868 -0.0116868 
0.0126326 0.0126326 0.0620786 0.106574 0.158072 0.237853 0.375132 0.627154 1.03947 1.37004 0.580162 -0.35937 11.4646 39.4641 36.5679 26.4014 18.308 10.1756 -1.08811 -16.3466 -36.7178 -64.9094 -105.237 -149.019 -131.738 7.75539e-15 131.738 149.019 105.237 64.9094 36.7178 16.3466 1.08811 -10.1756 -18.308 -26.4014 -36.5679 -39.4641 -11.4646 0.35937 -0.580162 -1.37004 -1.03947 -0.627154 -0.375132 -0.237853 -0.158072 -0.106574 -0.0620786 -0.0126326 -0.0126326 
0.0101723 0.0101723 0.0688788 0.123507 0.186159 0.283828 0.455745 0.778429 1.30223 1.63706 0.505213 -0.0613141 13.5953 38.8643 36.2179 25.3488 16.7338 8.44719 -3.01986 -18.5006 -39.2339 -68.0904 -107.756 -142.253 -110.207 3.52623e-14 110.207 142.253 107.756 68.0904 39.2339 18.5006 3.01986 -8.44719 -16.7338 -25.3488 -36.2179 -38.8643 -13.5953 0.0613141 -0.505213 -1.63706 -1.30223 -0.778429 -0.455745 -0.283828 -0.186159 -0.123507 -0.0688788 -0.0101723 -0.0101723 
0.00424486 0.00424485 0.0705816 0.135901 0.210522 0.327331 0.537684 0.941185 1.5819 1.87062 0.396194 0.49668 15.8125 38.5442 35.6019 23.8936 14.8717 6.43428 -5.25223 -20.9518 -42.1053 -71.4677 -108.847 -131.478 -88.5814 1.11264e-14 88.5814 131.478 108.847 71.4677 42.1053 20.9518 5.25223 -6.43428 -14.8717 -23.8936 -35.6019 -38.5442 -15.8125 -0.49668 -0.396194 -1.87062 -1.5819 -0.941185 -0.537684 -0.327331 -0.210522 -0.135901 -0.0705816 -0.00424485 -0.00424486 
-0.00386399 -0.003864 0.070647 0.14881 0.238127 0.377995 0.634818 1.13589 1.89892 2.08933 0.329461 1.38245 18.0896 38.3938 34.5873 21.9914 12.7087 4.09092 -7.85283 -23.8158 -45.4722 -74.889 -107.901 -117.305 -68.67 -2.67308e-14 68.67 117.305 107.901 74.889 45.4722 23.8158 7.85283 -4.09092 -12.7087 -21.9914 -34.5873 -38.3938 -18.0896 -1.38245 -0.329461 -2.08933 -1.89892 -1.13589 -0.634818 -0.377995 -0.238127 -0.14881 -0.070647 0.003864 0.00386399 
-0.0123893 -0.0123893 0.0733026 0.167312 0.274631 0.442172 0.755107 1.37179 2.24973 2.27322 0.307613 2.56719 20.4446 38.3085 33.0215 19.6096 10.2081 1.3479 -10.9003 -27.1955 -49.3125 -77.7913 -104.112 -100.649 -51.6405 -1.95447e-14 51.6405 100.649 104.112 77.7913 49.3125 27.1955 10.9003 -1.3479 -10.2081 -19.6096 -33.0215 -38.3085 -20.4446 -2.56719 -0.307613 -2.27322 -2.24973 -1.37179 -0.755107 -0.442172 -0.274631 -0.167312 -0.0733026 0.0123893 0.0123893 
-0.0202775 -0.0202775 0.080799 0.193012 0.320278 0.518461 0.896398 1.64254 2.60405 2.37796 0.330845 4.06715 22.9231 38.1176 30.7407 16.7134 7.32116 -1.8551 -14.4634 -31.1331 -53.3477 -79.2905 -96.9395 -82.971 -38.1048 7.47479e-15 38.1048 82.971 96.9395 79.2905 53.3477 31.1331 14.4634 1.8551 -7.32116 -16.7134 -30.7407 -38.1176 -22.9231 -4.06715 -0.330845 -2.37796 -2.60405 -1.64254 -0.896398 -0.518461 -0.320278 -0.193012 -0.080799 0.0202775 0.0202775 
-0.0279346 -0.0279346 0.0920273 0.223244 0.370345 0.600387 1.05266 1.93641 2.92428 2.36961 0.440719 5.96881 25.5362 37.5092 27.607 13.3128 4.01583 -5.57781 -18.6171 -35.5569 -57.0018 -78.4464 -86.5342 -65.9063 -27.9206 2.04125e-14 27.9206 65.9063 86.5342 78.4464 57.0018 35.5569 18.6171 5.57781 -4.01583 -13.3128 -27.607 -37.5092 -25.5362 -5.96881 -0.440719 -2.36961 -2.92428 -1.93641 -1.05266 -0.600387 -0.370345 -0.223244 -0.0920273 0.0279346 0.0279346 
-0.0368643 -0.0368644 0.103709 0.253651 0.419552 0.683463 1.22356 2.24617 3.17714 2.23951 0.732571 8.38458 28.1307 36.0575 23.5782 9.46082 0.233469 -9.92297 -23.3933 -40.1364 -59.3943 -74.5644 -73.8115 -50.7679 -20.5134 2.2251e-14 20.5134 50.7679 73.8115 74.5644 59.3943 40.1364 23.3933 9.92297 -0.233469 -9.46082 -23.5782 -36.0575 -28.1307 -8.38458 -0.732571 -2.23951 -3.17714 -2.24617 -1.22356 -0.683463 -0.419552 -0.253651 -0.103709 0.0368644 0.0368643 
-0.0484388 -0.0484388 0.113122 0.281612 0.465907 0.769441 1.4165 2.56383 3.32398 1.99934 1.34884 11.3913 30.3123 33.3464 18.7405 5.18374 -4.15051 -14.9743 -28.5799 -44.1345 -59.53 -67.5473 -60.2123 -38.2555 -15.1805 -8.62462e-15 15.1805 38.2555 60.2123 67.5473 59.53 44.1345 28.5799 14.9743 4.15051 -5.18374 -18.7405 -33.3464 -30.3123 -11.3913 -1.34884 -1.99934 -3.32398 -2.56383 -1.4165 -0.769441 -0.465907 -0.281612 -0.113122 0.0484388 0.0484388 
-0.0628564 -0.0628564 0.1198 0.307057 0.510344 0.86457 1.6396 2.86642 3.31143 1.69184 2.4807 14.9212 31.469 29.1303 13.2449 0.410611 -9.25506 -20.5609 -33.507 -46.4965 -56.7238 -58.0992 -47.2132 -28.434 -11.3047 -1.30199e-14 11.3047 28.434 47.2132 58.0992 56.7238 46.4965 33.507 20.5609 9.25506 -0.410611 -13.2449 -29.1303 -31.469 -14.9212 -2.4807 -1.69184 -3.31143 -2.86642 -1.6396 -0.86457 -0.510344 -0.307057 -0.1198 0.0628564 0.0628564 
-0.0792039 -0.079204 0.12464 0.330266 0.554161 0.976794 1.89453 3.10585 3.08136 1.43444 4.34652 18.6003 30.8963 23.4179 7.21026 -4.9441 -14.9204 -26.0088 -37.0915 -46.271 -51.0165 -47.5092 -35.8659 -20.9623 -8.43791 -1.93008e-14 8.43791 20.9623 35.8659 47.5092 51.0165 46.271 37.0915 26.0088 14.9204 4.9441 -7.21026 -23.4179 -30.8963 -18.6003 -4.34652 -1.43444 -3.08136 -3.10585 -1.89453 -0.976794 -0.554161 -0.330266 -0.12464 0.079204 0.0792039 
-0.0964682 -0.0964683 0.127893 0.350116 0.599161 1.11654 2.16971 3.2024 2.61042 1.47838 7.06259 21.6175 28.0314 16.4592 0.776393 -10.6903 -20.4523 -30.1924 -38.2631 -43.1234 -43.251 -37.1423 -26.6113 -15.3635 -6.28734 -1.8097e-14 6.28734 15.3635 26.6113 37.1423 43.251 43.1234 38.2631 30.1924 20.4523 10.6903 -0.776393 -16.4592 -28.0314 -21.6175 -7.06259 -1.47838 -2.61042 -3.2024 -2.16971 -1.11654 -0.599161 -0.350116 -0.127893 0.0964683 0.0964682 
-0.113966 -0.113966 0.128204 0.363613 0.650364 1.29653 2.4236 3.05362 1.99675 2.1896 10.3533 22.8394 22.7593 8.76701 -5.67904 -16.1287 -24.7219 -32.0055 -36.5325 -37.5601 -34.6987 -27.9823 -19.4051 -11.1932 -4.66306 -4.19628e-14 4.66306 11.1932 19.4051 27.9823 34.6987 37.5601 36.5325 32.0055 24.7219 16.1287 5.67904 -8.76701 -22.7593 -22.8394 -10.3533 -2.1896 -1.99675 -3.05362 -2.4236 -1.29653 -0.650364 -0.363613 -0.128204 0.113966 0.113966 
-0.13252 -0.132521 0.120282 0.367403 0.724538 1.52274 2.56399 2.5996 1.54078 3.81165 13.3215 21.3583 15.634 1.14435 -11.414 -20.2085 -26.6801 -30.9565 -32.2729 -30.6794 -26.5302 -20.4695 -13.9532 -8.09466 -3.434 -4.37678e-14 3.434 8.09466 13.9532 20.4695 26.5302 30.6794 32.2729 30.9565 26.6801 20.2085 11.414 -1.14435 -15.634 -21.3583 -13.3215 -3.81165 -1.54078 -2.5996 -2.56399 -1.52274 -0.724538 -0.367403 -0.120282 0.132521 0.13252 
-0.154926 -0.154926 0.0995956 0.373487 0.85064 1.74732 2.45152 1.94496 1.67331 6.08881 14.708 17.1239 7.82404 -5.43673 -15.5299 -22.0425 -25.9197 -27.4183 -26.4967 -23.6551 -19.4787 -14.6159 -9.89958 -5.79737 -2.50473 -2.87078e-14 2.50473 5.79737 9.89958 14.6159 19.4787 23.6551 26.4967 27.4183 25.9197 22.0425 15.5299 5.43673 -7.82404 -17.1239 -14.708 -6.08881 -1.67331 -1.94496 -2.45152 -1.74732 -0.85064 -0.373487 -0.0995956 0.154926 0.154926 
-0.183911 -0.183911 0.0704468 0.403408 1.00966 1.83134 2.04249 1.46924 2.64192 8.11049 13.637 11.0765 0.70249 -10.1175 -17.389 -21.3689 -22.8464 -22.3767 -20.3561 -17.3446 -13.8203 -10.2171 -6.92635 -4.10423 -1.80619 9.9417e-15 1.80619 4.10423 6.92635 10.2171 13.8203 17.3446 20.3561 22.3767 22.8464 21.3689 17.389 10.1175 -0.70249 -11.0765 -13.637 -8.11049 -2.64192 -1.46924 -2.04249 -1.83134 -1.00966 -0.403408 -0.0704468 0.183911 0.183911 
-0.230566 -0.230566 0.0477017 0.478867 1.15064 1.72043 1.58859 1.57257 4.01959 8.70042 10.2529 4.73271 -4.60583 -12.4186 -16.9058 -18.6397 -18.4229 -16.9674 -14.7614 -12.1951 -9.53713 -7.01694 -4.78586 -2.87504 -1.2893 1.95341e-14 1.2893 2.87504 4.78586 7.01694 9.53713 12.1951 14.7614 16.9674 18.4229 18.6397 16.9058 12.4186 4.60583 -4.73271 -10.2529 -8.70042 -4.01959 -1.57257 -1.58859 -1.72043 -1.15064 -0.478867 -0.0477017 0.230566 0.230566 
-0.257179 -0.257179 0.117904 0.660633 1.24513 1.45866 1.28666 2.04942 4.83014 7.4479 5.8642 -0.333491 -7.47013 -12.4068 -14.6302 -14.832 -13.7845 -12.1368 -10.2602 -8.34005 -6.47715 -4.77799 -3.29045 -2.00704 -0.917602 -3.13367e-15 0.917602 2.00704 3.29045 4.77799 6.47715 8.34005 10.2602 12.1368 13.7845 14.832 14.6302 12.4068 7.47013 0.333491 -5.8642 -7.4479 -4.83014 -2.04942 -1.28666 -1.45866 -1.24513 -0.660633 -0.117904 0.257179 0.257179 
-0.209429 -0.209429 0.251856 0.7584 1.05248 1.03108 1.2755 2.78936 5.0769 5.49249 2.21038 -3.31105 -8.21192 -10.9792 -11.7364 -11.1649 -9.91692 -8.47139 -7.05055 -5.69902 -4.42505 -3.28364 -2.28592 -1.4161 -0.66012 -3.68094e-14 0.66012 1.4161 2.28592 3.28364 4.42505 5.69902 7.05055 8.47139 9.91692 11.1649 11.7364 10.9792 8.21192 3.31105 -2.21038 -5.49249 -5.0769 -2.78936 -1.2755 -1.03108 -1.05248 -0.7584 -0.251856 0.209429 0.209429 
-0.209568 -0.209568 0.214988 0.60859 0.854284 1.27372 2.43234 4.21685 5.06482 3.24921 -0.968589 -5.51873 -8.60394 -9.78777 -9.55328 -8.54631 -7.27153 -6.03437 -4.9463 -3.97154 -3.07323 -2.28585 -1.60327 -1.00608 -0.477503 -1.03958e-14 0.477503 1.00608 1.60327 2.28585 3.07323 3.97154 4.9463 6.03437 7.27153 8.54631 9.55328 9.78777 8.60394 5.51873 0.968589 -3.24921 -5.06482 -4.21685 -2.43234 -1.27372 -0.854284 -0.60859 -0.214988 0.209568 0.209568 
-0.190097 -0.190097 0.192596 0.566251 0.945314 1.64698 2.66531 3.1279 1.80654 -1.43671 -5.18919 -7.7881 -8.68814 -8.32528 -7.3157 -6.10185 -4.94 -3.9399 -3.11415 -2.43111 -1.85395 -1.37084 -0.961978 -0.607727 -0.292114 4.55245e-14 0.292114 0.607727 0.961978 1.37084 1.85395 2.43111 3.11415 3.9399 4.94 6.10185 7.3157 8.32528 8.68814 7.7881 5.18919 1.43671 -1.80654 -3.1279 -2.66531 -1.64698 -0.945314 -0.566251 -0.192596 0.190097 0.190097 
0 0 0 0 0 0 0 0 0 0 0 0 0 0 0 0 0 0 0 0 0 0 0 0 0 0 0 0 0 0 0 0 0 0 0 0 0 0 0 0 0 0 0 0 0 0 0 0 0 0 0 
