310764 306224 306296 306558 307043 307751 308707 310064 312375 316885 324726 332178 318524 243039 200811 190552 207895 221461 229125 236116 245276 258291 280196 321464 377253 410868 377253 321464 280196 258291 245276 236116 229125 221461 207895 190552 200811 243039 318524 332178 324726 316885 312375 310064 308707 307751 307043 306558 306296 306224 310764 
306224 306224 306296 306558 307043 307751 308707 310064 312375 316885 324726 332178 318954 244094 202051 191313 208373 221707 229299 236535 245940 259177 281216 322876 379441 411082 379441 322876 281216 259177 245940 236535 229299 221707 208373 191313 202051 244094 318954 332178 324726 316885 312375 310064 308707 307751 307043 306558 306296 306224 306224 
306272 306272 306347 306611 307098 307809 308767 310121 312422 316948 324945 332047 313918 242758 202322 193949 211386 224492 232397 240478 251057 266241 292169 339439 390649 412034 390649 339439 292169 266241 251057 240478 232397 224492 211386 193949 202322 242758 313918 332047 324945 316948 312422 310121 308767 307809 307098 306611 306347 306272 306272 
306426 306426 306517 306800 307307 308042 309026 310409 312739 317333 325565 332516 311614 242309 202247 196162 213998 226935 235138 243799 255165 271690 299995 348173 393481 409951 393481 348173 299995 271690 255165 243799 235138 226935 213998 196162 202247 242309 311614 332516 325565 317333 312739 310409 309026 308042 307307 306800 306517 306426 306426 
306699 306699 306813 307122 307654 308417 309432 310842 313200 317905 326457 332777 308580 241194 201815 198244 216505 229285 237763 246907 259038 277115 308194 357315 397770 407909 397770 357315 308194 277115 259038 246907 237763 229285 216505 198244 201815 241194 308580 332777 326457 317905 313200 310842 309432 308417 307654 307122 306813 306699 306699 
307068 307068 307203 307532 308082 308862 309892 311306 313665 318493 327347 332637 304987 239124 201231 200688 219214 231746 240466 250098 263105 282970 316445 364341 398682 403653 398682 364341 316445 282970 263105 250098 240466 231746 219214 200688 201231 239124 304987 332637 327347 318493 313665 311306 309892 308862 308082 307532 307203 307068 307068 
307492 307492 307635 307970 308519 309294 310308 311687 314010 318968 328025 331768 300678 236430 200913 203613 222152 234401 243399 253617 267749 289667 324963 370179 398494 399464 398494 370179 324963 289667 267749 253617 243399 234401 222152 203613 200913 236430 300678 331768 328025 318968 314010 311687 310308 309294 308519 307970 307635 307492 307492 
307929 307929 308067 308389 308920 309669 310644 311955 314226 319358 328526 330283 295814 233400 201193 207165 225484 237483 246847 257830 273406 297479 333550 374315 396029 394777 396029 374315 333550 297479 273406 257830 246847 237483 225484 207165 201193 233400 295814 330283 328526 319358 314226 311955 310644 309669 308920 308389 308067 307929 307929 
308359 308359 308480 308780 309284 310000 310924 312153 314393 319787 328951 328278 290496 230253 202337 211458 229343 241139 250972 262941 280232 306176 341559 376522 392156 390352 392156 376522 341559 306176 280232 262941 250972 241139 229343 211458 202337 230253 290496 328278 328951 319787 314393 312153 310924 310000 309284 308780 308480 308359 308359 
308778 308778 308881 309159 309640 310326 311198 312342 314602 320356 329322 325688 284647 227233 204623 216539 233784 245444 255893 269113 288212 315272 348306 376656 387171 385748 387171 376656 348306 315272 288212 269113 255893 245444 233784 216539 204623 227233 284647 325688 329322 320356 314602 312342 311198 310326 309640 309159 308881 308778 308778 
309198 309198 309288 309552 310016 310676 311490 312547 314895 321086 329531 322299 278201 224750 208324 222403 238854 250513 261811 276501 297143 324088 353200 374866 381660 380844 381660 374866 353200 324088 297143 276501 261811 250513 238854 222403 208324 224750 278201 322299 329531 321086 314895 312547 311490 310676 310016 309552 309288 309198 309198 
309626 309626 309711 309965 310417 311049 311789 312756 315280 321942 329387 317852 271286 223391 213606 229024 244660 256567 268965 285101 306521 331830 355901 371529 375892 375500 375892 371529 355901 331830 306521 285101 268965 256567 244660 229024 213606 223391 271286 317852 329387 321942 315280 312756 311789 311049 310417 309965 309711 309626 309626 
310058 310058 310140 310387 310826 311420 312061 312949 315773 322870 328634 312130 264350 223815 220466 236422 251414 263879 277452 294562 315548 337769 356397 367133 369995 369804 369995 367133 356397 337769 315548 294562 277452 263879 251414 236422 220466 223815 264350 312130 328634 322870 315773 312949 312061 311420 310826 310387 310140 310058 310058 
310476 310476 310555 310795 311216 311757 312270 313129 316406 323765 326924 305088 258189 226565 228795 244733 259390 272572 286993 304136 323316 341470 354995 362109 364017 363901 364017 362109 354995 341470 323316 304136 286993 272572 259390 244733 228795 226565 258189 305088 326924 323765 316406 313129 312270 311757 311216 310795 310555 310476 310476 
310856 310856 310933 311164 311564 312028 312396 313328 317215 324415 323821 297030 253866 231947 238492 254151 268690 282361 296852 312850 329099 342899 352171 356764 358024 357939 358024 356764 352171 342899 329099 312850 296852 282361 268690 254151 238492 231947 253866 297030 323821 324415 317215 313328 312396 312028 311564 311164 310933 310856 310856 
311180 311180 311254 311478 311850 312204 312432 313612 318184 324419 318958 288832 252468 239965 249453 264671 278972 292469 306017 319826 332568 342364 348410 351304 352109 352043 352109 351304 348410 342364 332568 319826 306017 292469 278972 264671 249453 239965 252468 288832 318958 324419 318184 313612 312432 312204 311850 311478 311254 311180 311180 
311433 311433 311507 311726 312051 312254 312406 314077 319156 323203 312412 281961 254714 250248 261367 275854 289412 301853 313554 324560 333827 340353 344118 345884 346373 346322 346373 345884 344118 340353 333827 324560 313554 301853 289412 275854 261367 250248 254714 281961 312412 323203 319156 314077 312406 312254 312051 311726 311507 311433 311433 
311609 311609 311688 311898 312138 312161 312410 314776 319721 320267 305084 277993 260570 262011 273577 286851 298975 309585 318901 327012 333279 337368 339599 340626 340900 340859 340900 340626 339599 337368 333279 327012 318901 309585 298975 286851 273577 262011 260570 277993 305084 320267 319721 314776 312410 312161 312138 311898 311688 311609 311609 
311715 311715 311800 311980 312074 311973 312598 315585 319277 315649 298619 277854 269155 274176 285180 296694 306793 315131 321969 327498 331436 333837 335075 335627 335761 335726 335761 335627 335075 333837 331436 327498 321969 315131 306793 296694 285180 274176 269155 277854 298619 315649 319277 315585 312598 311973 312074 311980 311800 311715 311715 
311780 311780 311860 311960 311885 311844 313040 316062 317365 310287 294670 281363 279080 285631 295287 304624 312394 318417 323036 326514 328804 330107 330733 330992 331037 331007 331037 330992 330733 330107 328804 326514 323036 318417 312394 304624 295287 285631 279080 281363 294670 310287 317365 316062 313040 311844 311885 311960 311860 311780 311780 
311865 311865 311908 311865 311667 311891 313507 315683 314280 305815 294053 287354 288869 295427 303243 310257 315760 319752 322621 324636 325855 326492 326760 326848 326842 326815 326842 326848 326760 326492 325855 324636 322621 319752 315760 310257 303243 295427 288869 287354 294053 305815 314280 315683 313507 311891 311667 311865 311908 311865 311865 
311985 311985 311931 311725 311563 312173 313796 314531 311166 303470 296196 294101 297274 302961 308832 313724 317322 319756 321388 322444 323008 323253 323311 323297 323257 323231 323257 323297 323311 323253 323008 322444 321388 319756 317322 313724 308832 302961 297274 294101 296196 303470 311166 314531 313796 312173 311563 311725 311931 311985 311985 
312048 312048 311935 311744 311877 312774 313786 312863 308652 302982 299588 300267 303887 308440 312572 315720 317843 319145 319923 320340 320475 320459 320370 320276 320206 320176 320206 320276 320370 320459 320475 320340 319923 319145 317843 315720 312572 308440 303887 300267 299588 302982 308652 312863 313786 312774 311877 311744 311935 312048 312048 
311946 311946 311874 311834 312130 312687 312539 310583 307216 304546 304362 306580 309875 313021 315419 316961 317802 318169 318278 318211 318027 317815 317617 317466 317371 317337 317371 317466 317617 317815 318027 318211 318278 318169 317802 316961 315419 313021 309875 306580 304362 304546 307216 310583 312539 312687 312130 311834 311874 311946 311946 
311456 311456 311318 311266 311386 311476 311150 310422 309975 310491 311894 313558 314976 315921 316359 316403 316206 315898 315567 315245 314951 314707 314516 314383 314304 314277 314304 314383 314516 314707 314951 315245 315567 315898 316206 316403 316359 315921 314976 313558 311894 310491 309975 310422 311150 311476 311386 311266 311318 311456 311456 
310764 310764 310764 310764 310764 310764 310764 310764 310764 310764 310764 310764 310764 310764 310764 310764 310764 310764 310764 310764 310764 310764 310764 310764 310764 310764 310764 310764 310764 310764 310764 310764 310764 310764 310764 310764 310764 310764 310764 310764 310764 310764 310764 310764 310764 310764 310764 310764 310764 310764 310764 
