-474.902 -481.246 -552.645 -633.775 -725.907 -830.247 -947.891 -1079.1 -1221.23 -1365.96 -1505.55 -1674.28 -2040.56 -2871.9 -3806.38 -4013.3 -3995.28 -4130.65 -4429.49 -4855.07 -5424.91 -6171.11 -7073.27 -7845.72 -7294.02 -3.93509e-12 7294.02 7845.72 7073.27 6171.11 5424.91 4855.07 4429.49 4130.65 3995.28 4013.3 3806.38 2871.9 2040.56 1674.28 1505.55 1365.96 1221.23 1079.1 947.891 830.247 725.907 633.775 552.645 481.246 474.902 
-451.787 -482.886 -553.63 -634.212 -725.797 -829.538 -946.487 -1076.86 -1217.95 -1361.36 -1499.16 -1665.7 -2035.21 -2871.9 -3806.38 -4013.3 -3995.28 -4130.65 -4429.49 -4855.07 -5424.91 -6171.11 -7073.27 -7845.72 -7294.02 -6.32343e-12 7294.02 7845.72 7073.27 6171.11 5424.91 4855.07 4429.49 4130.65 3995.28 4013.3 3806.38 2871.9 2035.21 1665.7 1499.16 1361.36 1217.95 1076.86 946.487 829.538 725.797 634.212 553.63 482.886 451.787 
-454.2 -484.985 -555.044 -635.085 -726.161 -829.377 -945.756 -1075.5 -1215.87 -1358.37 -1494.42 -1659.71 -2045.86 -2897.99 -3807.16 -3994.46 -3974.54 -4114.9 -4416.49 -4833.9 -5387.8 -6100.19 -6917 -7462.35 -6565.49 2.27896e-12 6565.49 7462.35 6917 6100.19 5387.8 4833.9 4416.49 4114.9 3974.54 3994.46 3807.16 2897.99 2045.86 1659.71 1494.42 1358.37 1215.87 1075.5 945.756 829.377 726.161 635.085 555.044 484.985 454.2 
-457.368 -487.819 -557.212 -636.788 -727.474 -830.346 -946.419 -1075.91 -1216.11 -1358.38 -1494.11 -1663.57 -2070.22 -2929.11 -3793.87 -3957.73 -3941.37 -4091.93 -4396.67 -4797.44 -5322.78 -5981.45 -6687.8 -7004.14 -5765.49 2.96e-13 5765.49 7004.14 6687.8 5981.45 5322.78 4797.44 4396.67 4091.93 3941.37 3957.73 3793.87 2929.11 2070.22 1663.57 1494.11 1358.38 1216.11 1075.91 946.419 830.346 727.474 636.788 557.212 487.819 457.368 
-461.393 -491.49 -560.204 -639.339 -729.681 -832.277 -948.131 -1077.48 -1217.64 -1359.82 -1495.73 -1671.35 -2097.65 -2951.74 -3761.62 -3903.81 -3894.32 -4055.53 -4358.07 -4730.26 -5210.05 -5787.53 -6338.52 -6365.54 -4829.97 1.03213e-12 4829.97 6365.54 6338.52 5787.53 5210.05 4730.26 4358.07 4055.53 3894.32 3903.81 3761.62 2951.74 2097.65 1671.35 1495.73 1359.82 1217.64 1077.48 948.131 832.277 729.681 639.339 560.204 491.49 461.393 
-466.244 -495.95 -563.895 -642.501 -732.393 -834.567 -949.995 -1078.91 -1218.55 -1359.79 -1494.71 -1675.31 -2117.27 -2961.84 -3714.39 -3835.59 -3832.97 -4003.46 -4298.01 -4632.44 -5054.47 -5533.37 -5910 -5669.81 -4009.8 2.19135e-12 4009.8 5669.81 5910 5533.37 5054.47 4632.44 4298.01 4003.46 3832.97 3835.59 3714.39 2961.84 2117.27 1675.31 1494.71 1359.79 1218.55 1078.91 949.995 834.567 732.393 642.501 563.895 495.95 466.244 
-471.817 -501.079 -568.079 -645.953 -735.153 -836.589 -951.171 -1079.07 -1217.36 -1356.24 -1488.43 -1673.07 -2129.38 -2963.79 -3656.2 -3755.51 -3759.47 -3938.58 -4221.11 -4512.07 -4869.09 -5240.61 -5440.04 -4971.04 -3302.6 1.33533e-12 3302.6 4971.04 5440.04 5240.61 4869.09 4512.07 4221.11 3938.58 3759.47 3755.51 3656.2 2963.79 2129.38 1673.07 1488.43 1356.24 1217.36 1079.07 951.171 836.589 735.153 645.953 568.079 501.079 471.817 
-478.021 -506.77 -572.596 -649.479 -737.693 -838.036 -951.338 -1077.69 -1213.85 -1349.18 -1477.84 -1667.52 -2139.32 -2961.77 -3587.54 -3664.1 -3675.71 -3863.29 -4130.23 -4372.81 -4658.57 -4916.89 -4945.26 -4302.57 -2729.09 7.09994e-14 2729.09 4302.57 4945.26 4916.89 4658.57 4372.81 4130.23 3863.29 3675.71 3664.1 3587.54 2961.77 2139.32 1667.52 1477.84 1349.18 1213.85 1077.69 951.338 838.036 737.693 649.479 572.596 506.77 478.021 
-484.841 -512.995 -577.418 -653.059 -740.026 -838.991 -950.704 -1075.17 -1208.7 -1339.8 -1465.2 -1662.2 -2150.52 -2955.25 -3505.98 -3560.71 -3581.86 -3776.85 -4023.48 -4212 -4419.9 -4561.87 -4436.21 -3688.64 -2279.98 3.16518e-13 2279.98 3688.64 4436.21 4561.87 4419.9 4212 4023.48 3776.85 3581.86 3560.71 3505.98 2955.25 2150.52 1662.2 1465.2 1339.8 1208.7 1075.17 950.704 838.991 740.026 653.059 577.418 512.995 484.841 
-492.351 -519.822 -582.638 -656.828 -742.338 -839.714 -949.636 -1072 -1202.49 -1328.84 -1451.68 -1658.34 -2162.9 -2940.21 -3408.23 -3443.96 -3476.3 -3675.85 -3896.12 -4024.61 -4149.43 -4177.7 -3927.12 -3147.22 -1934.32 1.24783e-12 1934.32 3147.22 3927.12 4177.7 4149.43 4024.61 3896.12 3675.85 3476.3 3443.96 3408.23 2940.21 2162.9 1658.34 1451.68 1328.84 1202.49 1072 949.636 839.714 742.338 656.828 582.638 519.822 492.351 
-500.671 -527.37 -588.399 -660.944 -744.794 -840.371 -948.282 -1068.25 -1195.09 -1316.01 -1437.07 -1655.62 -2174.58 -2910.99 -3291.46 -3312.51 -3356.77 -3556.24 -3743.41 -3807.11 -3847.55 -3773.33 -3436.2 -2685.66 -1662.53 1.73459e-12 1662.53 2685.66 3436.2 3773.33 3847.55 3807.11 3743.41 3556.24 3356.77 3312.51 3291.46 2910.99 2174.58 1655.62 1437.07 1316.01 1195.09 1068.25 948.282 840.371 744.794 660.944 588.399 527.37 500.671 
-509.908 -535.742 -594.797 -665.472 -747.407 -840.892 -946.466 -1063.55 -1185.84 -1300.57 -1420.99 -1653.77 -2182.95 -2861.11 -3153.96 -3165.65 -3221.08 -3414.24 -3561.77 -3558.74 -3519.47 -3362.75 -2980.67 -2299.29 -1438.31 1.65536e-12 1438.31 2299.29 2980.67 3362.75 3519.47 3558.74 3561.77 3414.24 3221.08 3165.65 3153.96 2861.11 2182.95 1653.77 1420.99 1300.57 1185.84 1063.55 946.466 840.892 747.407 665.472 594.797 535.742 509.908 
-520.109 -544.977 -601.84 -670.36 -750.036 -841.044 -943.837 -1057.36 -1173.98 -1281.97 -1403.63 -1652.93 -2183.92 -2783.97 -2995.36 -3003.23 -3066.92 -3246.3 -3349.17 -3282.22 -3174.89 -2961.73 -2572.05 -1975.55 -1243.93 7.0032e-13 1243.93 1975.55 2572.05 2961.73 3174.89 3282.22 3349.17 3246.3 3066.92 3003.23 2995.36 2783.97 2183.92 1652.93 1403.63 1281.97 1173.98 1057.36 943.837 841.044 750.036 670.36 601.84 544.977 520.109 
-531.247 -555.041 -609.458 -675.475 -752.477 -840.548 -940.027 -1049.12 -1158.83 -1260.07 -1385.66 -1652.52 -2171.02 -2674.88 -2816.79 -2825.1 -2891.8 -3050 -3106.75 -2984.75 -2827.05 -2584.55 -2213.6 -1699.53 -1070.02 6.06207e-13 1070.02 1699.53 2213.6 2584.55 2827.05 2984.75 3106.75 3050 2891.8 2825.1 2816.79 2674.88 2171.02 1652.52 1385.66 1260.07 1158.83 1049.12 940.027 840.548 752.477 675.475 609.458 555.041 531.247 
-543.247 -565.851 -617.543 -680.666 -754.528 -839.15 -934.681 -1038.26 -1139.8 -1235.04 -1367.87 -1650.1 -2135.53 -2532.56 -2620.5 -2630.87 -2694.19 -2826.1 -2840.46 -2677.59 -2489.66 -2240.62 -1901.72 -1458.85 -912.805 -1.77527e-13 912.805 1458.85 1901.72 2240.62 2489.66 2677.59 2840.46 2826.1 2694.19 2630.87 2620.5 2532.56 2135.53 1650.1 1367.87 1235.04 1139.8 1038.26 934.681 839.15 754.528 680.666 617.543 565.851 543.247 
-555.996 -577.287 -625.963 -685.772 -755.987 -836.599 -927.39 -1024.09 -1116.44 -1207.56 -1350.58 -1640.28 -2068.62 -2359.7 -2409.53 -2421.01 -2475.59 -2580.22 -2560.77 -2373.57 -2173.58 -1933.06 -1629.34 -1245.53 -771.239 -1.16308e-13 771.239 1245.53 1629.34 1933.06 2173.58 2373.57 2560.77 2580.22 2475.59 2421.01 2409.53 2359.7 2068.62 1640.28 1350.58 1207.56 1116.44 1024.09 927.39 836.599 755.987 685.772 625.963 577.287 555.996 
-569.342 -589.189 -634.551 -690.6 -756.634 -832.613 -917.64 -1005.89 -1088.78 -1178.69 -1332.61 -1614.6 -1964.95 -2162.86 -2187.97 -2198.45 -2241.78 -2322.26 -2280.02 -2083.61 -1884.71 -1660.07 -1389.38 -1055.26 -645.041 -3.86187e-13 645.041 1055.26 1389.38 1660.07 1884.71 2083.61 2280.02 2322.26 2241.78 2198.45 2187.97 2162.86 1964.95 1614.6 1332.61 1178.69 1088.78 1005.89 917.64 832.613 756.634 690.6 634.551 589.189 569.342 
-583.075 -601.34 -643.075 -694.904 -756.218 -826.848 -904.792 -983.149 -1057.57 -1149.3 -1309.84 -1563.85 -1826.3 -1951.28 -1961.32 -1969.22 -2001.81 -2063.61 -2008.89 -1814.34 -1624.07 -1417.55 -1176.61 -885.884 -533.845 -6.36373e-13 533.845 885.884 1176.61 1417.55 1624.07 1814.34 2008.89 2063.61 2001.81 1969.22 1961.32 1951.28 1826.3 1563.85 1309.84 1149.3 1057.57 983.149 904.792 826.848 756.218 694.904 643.075 601.34 583.075 
-596.923 -613.464 -651.242 -698.398 -754.458 -818.833 -888.154 -955.93 -1024.1 -1118.73 -1275.29 -1482.62 -1661.92 -1735.16 -1736.3 -1741.18 -1765.33 -1813.91 -1754.13 -1568.01 -1389.75 -1201.4 -987.61 -736.053 -436.961 -1.74608e-13 436.961 736.053 987.61 1201.4 1389.75 1568.01 1754.13 1813.91 1765.33 1741.18 1736.3 1735.16 1661.92 1482.62 1275.29 1118.73 1024.1 955.93 888.154 818.833 754.458 698.398 651.242 613.464 596.923 
-610.592 -625.262 -658.745 -700.8 -750.993 -807.933 -867.299 -925.12 -989.35 -1083.8 -1221.98 -1373.07 -1484.7 -1523.71 -1519.61 -1521.84 -1539.93 -1579.1 -1518.41 -1343.82 -1178.84 -1008.34 -820.062 -604.487 -353.352 -4.68306e-13 353.352 604.487 820.062 1008.34 1178.84 1343.82 1518.41 1579.1 1539.93 1521.84 1519.61 1523.71 1484.7 1373.07 1221.98 1083.8 989.35 925.12 867.299 807.933 750.993 700.8 658.745 625.262 610.592 
-623.793 -636.443 -665.318 -701.847 -745.391 -793.639 -842.558 -891.988 -952.613 -1039.42 -1147.16 -1244.37 -1306.9 -1324 -1316.61 -1316.52 -1329.88 -1361.34 -1301.32 -1139.53 -988.444 -835.754 -671.938 -489.618 -281.694 -1.32627e-13 281.694 489.618 671.938 835.754 988.444 1139.53 1301.32 1361.34 1329.88 1316.52 1316.61 1324 1306.9 1244.37 1147.16 1039.42 952.613 891.988 842.558 793.639 745.391 701.847 665.318 636.443 623.793 
-636.159 -646.641 -670.67 -701.266 -737.277 -775.923 -814.795 -856.89 -911.195 -981.868 -1054.6 -1108.29 -1137.51 -1140.26 -1130.2 -1127.47 -1136.07 -1159.88 -1100.81 -952.463 -815.871 -681.187 -541.025 -389.503 -220.451 1.76348e-13 220.451 389.503 541.025 681.187 815.871 952.463 1100.81 1159.88 1136.07 1127.47 1130.2 1140.26 1137.51 1108.29 1054.6 981.868 911.195 856.89 814.795 775.923 737.277 701.266 670.67 646.641 636.159 
-646.85 -655.01 -674 -698.16 -725.839 -754.721 -784.543 -819.215 -863.017 -912.159 -952.446 -974.306 -981.13 -973.738 -960.784 -954.453 -957.365 -972.633 -914.165 -779.636 -658.027 -541.544 -424.349 -301.567 -167.787 -5.11961e-14 167.787 301.567 424.349 541.544 658.027 779.636 914.165 972.633 957.365 954.453 960.784 973.738 981.13 974.306 952.446 912.159 863.017 819.215 784.543 754.721 725.839 698.16 674 655.01 646.85 
-653.976 -659.635 -673.128 -690.172 -709.297 -729.484 -751.688 -777.996 -807.553 -833.798 -847.656 -847.646 -839.526 -824.718 -808.42 -797.207 -792.58 -796.857 -736.66 -614.918 -508.307 -410.48 -316.356 -221.508 -121.05 5.04531e-14 121.05 221.508 316.356 410.48 508.307 614.918 736.66 796.857 792.58 797.207 808.42 824.718 839.526 847.646 847.656 833.798 807.553 777.996 751.688 729.484 709.297 690.172 673.128 659.635 653.976 
-655.848 -658.808 -666.027 -675.309 -685.932 -697.85 -711.601 -726.756 -740.365 -747.854 -745.291 -733.776 -717.02 -696.812 -676.339 -657.788 -640.317 -622.04 -541.024 -431.038 -344.63 -271.541 -205.397 -141.671 -76.1513 8.88593e-14 76.1513 141.671 205.397 271.541 344.63 431.038 541.024 622.04 640.317 657.788 676.339 696.812 717.02 733.776 745.291 747.854 740.365 726.756 711.601 697.85 685.932 675.309 666.027 658.808 655.848 
-654.12 -654.12 -654.12 -654.12 -654.12 -654.12 -654.12 -654.12 -654.12 -654.12 -653.114 -641.845 -616.181 -585.401 -552.721 -516.063 -472.803 -419.744 -353.318 -293.928 -240.584 -191.656 -145.362 -99.8288 -52.7934 -5.72279e-14 52.7934 99.8288 145.362 191.656 240.584 293.928 353.318 419.744 472.803 516.063 552.721 585.401 616.181 641.845 653.114 654.12 654.12 654.12 654.12 654.12 654.12 654.12 654.12 654.12 654.12 
