-0 3.81545e-13 5.98191e-13 2.66117e-12 1.14303e-12 -1.28297e-12 -8.95347e-13 -1.51186e-12 -6.47624e-13 -3.22402e-13 1.27146e-12 -3.45644e-12 1032.41 -4.54747e-13 -4.54747e-13 -4.54747e-13 4.54747e-13 2.27374e-13 1.13687e-13 0 0 0 0 -7.27596e-12 -7.27596e-12 0 1.45519e-11 7.27596e-12 -3.63798e-12 0 0 4.54747e-13 0 0 -4.54747e-13 4.54747e-13 -4.54747e-13 -4.54747e-13 1032.41 -3.71145e-12 -1.27146e-12 3.22402e-13 6.47624e-13 1.51186e-12 8.95347e-13 1.28297e-12 -1.14303e-12 -2.66117e-12 -5.98191e-13 -3.81545e-13 0 
-5.97715 -6.57063 -8.77091 -11.9893 -16.2476 -21.6659 -28.4285 -36.9292 -47.0779 -54.8181 -42.5819 21.6528 587.217 -391.194 -409.01 -173.133 -100.244 -173.668 -257.601 -337.384 -442.081 -575.136 -631.385 -894.704 -5075.35 -10685.1 -5075.35 -894.704 -631.385 -575.136 -442.081 -337.384 -257.601 -173.668 -100.244 -173.133 -409.01 -391.194 587.217 21.6528 -42.5819 -54.8181 -47.0779 -36.9292 -28.4285 -21.6659 -16.2476 -11.9893 -8.77091 -6.57063 -5.97715 
-11.1082 -12.2096 -16.1511 -21.8868 -29.4907 -39.1975 -51.2914 -66.2936 -83.8778 -97.6695 -80.0324 25.2194 417.884 -505.151 -667.653 -511.425 -449.725 -585.466 -782.954 -1038.39 -1427.28 -2054.66 -3060.73 -5508.19 -12515 -18430.4 -12515 -5508.19 -3060.73 -2054.66 -1427.28 -1038.39 -782.954 -585.466 -449.725 -511.425 -667.653 -505.151 417.884 25.2194 -80.0324 -97.6695 -83.8778 -66.2936 -51.2914 -39.1975 -29.4907 -21.8868 -16.1511 -12.2096 -11.1082 
-15.5636 -17.0993 -22.5459 -30.5034 -41.0637 -54.555 -71.3815 -92.2708 -116.773 -135.522 -110.759 1.358 182.425 -650.59 -898.584 -770.517 -712.298 -895.27 -1171.74 -1547.93 -2126.65 -3043.84 -4497.58 -7880.75 -16248.8 -22807.7 -16248.8 -7880.75 -4497.58 -3043.84 -2126.65 -1547.93 -1171.74 -895.27 -712.298 -770.517 -898.584 -650.59 182.425 1.358 -110.759 -135.522 -116.773 -92.2708 -71.3815 -54.555 -41.0637 -30.5034 -22.5459 -17.0993 -15.5636 
-19.3809 -21.2858 -27.9235 -37.7119 -50.7225 -67.349 -88.0947 -113.853 -144.014 -166.117 -134.934 -26.8504 -0.156254 -789.476 -1107.74 -968.975 -922.955 -1150.8 -1494 -1972.84 -2709.99 -3861.56 -5733.44 -10063.6 -19126.9 -24958.7 -19126.9 -10063.6 -5733.44 -3861.56 -2709.99 -1972.84 -1494 -1150.8 -922.955 -968.975 -1107.74 -789.476 -0.156254 -26.8504 -134.934 -166.117 -144.014 -113.853 -88.0947 -67.349 -50.7225 -37.7119 -27.9235 -21.2858 -19.3809 
-22.645 -24.8614 -32.4241 -43.7306 -58.7904 -78.0404 -102.086 -131.994 -166.86 -190.705 -155.461 -68.9107 -166.785 -920.884 -1278.65 -1126.53 -1104.74 -1372.24 -1770.98 -2335.01 -3193.7 -4506.09 -6668.1 -11475.3 -20155.3 -25037.9 -20155.3 -11475.3 -6668.1 -4506.09 -3193.7 -2335.01 -1770.98 -1372.24 -1104.74 -1126.53 -1278.65 -920.884 -166.785 -68.9107 -155.461 -190.705 -166.86 -131.994 -102.086 -78.0404 -58.7904 -43.7306 -32.4241 -24.8614 -22.645 
-25.4391 -27.9148 -36.1902 -48.7523 -65.5269 -86.9806 -113.831 -147.342 -186.151 -210.764 -174.883 -119.67 -316.247 -1043 -1406.03 -1242.67 -1254.64 -1555.34 -1996.71 -2623.72 -3559.62 -4960.79 -7306.61 -12269.3 -20083.8 -23908.7 -20083.8 -12269.3 -7306.61 -4960.79 -3559.62 -2623.72 -1996.71 -1555.34 -1254.64 -1242.67 -1406.03 -1043 -316.247 -119.67 -174.883 -210.764 -186.151 -147.342 -113.831 -86.9806 -65.5269 -48.7523 -36.1902 -27.9148 -25.4391 
-27.8473 -30.5341 -39.3763 -52.9788 -71.191 -94.5089 -123.783 -160.505 -202.623 -227.487 -195.054 -176.789 -448.465 -1149.82 -1489.2 -1323.51 -1375.57 -1701.85 -2172.89 -2838.9 -3808.03 -5240.53 -7674.64 -12477 -19047.1 -21870.7 -19047.1 -12477 -7674.64 -5240.53 -3808.03 -2838.9 -2172.89 -1701.85 -1375.57 -1323.51 -1489.2 -1149.82 -448.465 -176.789 -195.054 -227.487 -202.623 -160.505 -123.783 -94.5089 -71.191 -52.9788 -39.3763 -30.5341 -27.8473 
-29.9348 -32.7878 -42.0978 -56.5481 -75.9434 -100.817 -132.181 -171.754 -216.477 -241.212 -215.807 -236.586 -565.537 -1238.82 -1529.21 -1374.63 -1468.75 -1811.97 -2298.78 -2977.2 -3938.64 -5358.75 -7787.94 -12181.8 -17402.3 -19370.6 -17402.3 -12181.8 -7787.94 -5358.75 -3938.64 -2977.2 -2298.78 -1811.97 -1468.75 -1374.63 -1529.21 -1238.82 -565.537 -236.586 -215.807 -241.212 -216.477 -171.754 -132.181 -100.817 -75.9434 -56.5481 -42.0978 -32.7878 -29.9348 
-31.7376 -34.7145 -44.4055 -59.5105 -79.8307 -105.951 -139.076 -181.096 -227.56 -251.94 -236.803 -297.044 -670.032 -1306.21 -1528.24 -1400.02 -1534.16 -1884.95 -2371.72 -3035.08 -3956.95 -5333.44 -7666.22 -11474.3 -15390.5 -16696 -15390.5 -11474.3 -7666.22 -5333.44 -3956.95 -3035.08 -2371.72 -1884.95 -1534.16 -1400.02 -1528.24 -1306.21 -670.032 -297.044 -236.803 -251.94 -227.56 -181.096 -139.076 -105.951 -79.8307 -59.5105 -44.4055 -34.7145 -31.7376 
-33.2641 -36.3244 -46.2951 -61.8542 -82.8346 -109.892 -144.465 -188.472 -235.718 -259.813 -257.974 -357.369 -762.957 -1344.9 -1490.82 -1403.45 -1571.37 -1918.79 -2387.82 -3012.52 -3876.03 -5184.33 -7332.19 -10459.3 -13243.3 -14082.4 -13243.3 -10459.3 -7332.19 -5184.33 -3876.03 -3012.52 -2387.82 -1918.79 -1571.37 -1403.45 -1490.82 -1344.9 -762.957 -357.369 -257.974 -259.813 -235.718 -188.472 -144.465 -109.892 -82.8346 -61.8542 -46.2951 -36.3244 -33.2641 
-34.5066 -37.6109 -47.7401 -63.5538 -84.9359 -112.642 -148.383 -193.857 -240.893 -265.126 -279.435 -416.945 -841.828 -1346.87 -1424.9 -1387.68 -1578.42 -1909.76 -2344.84 -2916.71 -3714.74 -4930.18 -6816.27 -9247.97 -11134.8 -11666.6 -11134.8 -9247.97 -6816.27 -4930.18 -3714.74 -2916.71 -2344.84 -1909.76 -1578.42 -1387.68 -1424.9 -1346.87 -841.828 -416.945 -279.435 -265.126 -240.893 -193.857 -148.383 -112.642 -84.9359 -63.5538 -47.7401 -37.6109 -34.5066 
-35.453 -38.5622 -48.72 -64.5978 -86.1375 -114.234 -150.877 -197.178 -242.982 -268.158 -301.291 -474.649 -900.436 -1307.58 -1339.93 -1352.78 -1551.8 -1855.25 -2246.92 -2762.77 -3492.57 -4586.91 -6158.71 -7951.48 -9183.97 -9520.34 -9183.97 -7951.48 -6158.71 -4586.91 -3492.57 -2762.77 -2246.92 -1855.25 -1551.8 -1352.78 -1339.93 -1307.58 -900.436 -474.649 -301.291 -268.158 -242.982 -197.178 -150.877 -114.234 -86.1375 -64.5978 -48.72 -38.5622 -35.453 
-36.089 -39.164 -49.2238 -64.9815 -86.4424 -114.692 -151.931 -198.216 -241.787 -269.198 -323.582 -527.845 -930.208 -1229.56 -1243.1 -1296.27 -1489.21 -1758.55 -2106.17 -2568.84 -3224.83 -4169.48 -5409.03 -6668.08 -7454.19 -7667.41 -7454.19 -6668.08 -5409.03 -4169.48 -3224.83 -2568.84 -2106.17 -1758.55 -1489.21 -1296.27 -1243.1 -1229.56 -930.208 -527.845 -323.582 -269.198 -241.787 -198.216 -151.931 -114.692 -86.4424 -64.9815 -49.2238 -39.164 -36.089 
-36.3911 -39.3924 -49.2322 -64.6823 -85.8294 -114.004 -151.428 -196.608 -237.133 -268.759 -346.047 -571.263 -922.999 -1121.98 -1137.61 -1216.36 -1394.07 -1630.31 -1938.29 -2349.43 -2921.35 -3696.52 -4622.19 -5471.5 -5966.75 -6102.38 -5966.75 -5471.5 -4622.19 -3696.52 -2921.35 -2349.43 -1938.29 -1630.31 -1394.07 -1216.36 -1137.61 -1121.98 -922.999 -571.263 -346.047 -268.759 -237.133 -196.608 -151.428 -114.004 -85.8294 -64.6823 -49.2322 -39.3924 -36.3911 
-36.3176 -39.2054 -48.7035 -63.6522 -84.2577 -112.124 -149.144 -191.895 -229.115 -267.707 -367.298 -596.61 -875.381 -996.986 -1025.14 -1116.07 -1276.16 -1484.15 -1755.92 -2112.86 -2590.12 -3192.44 -3850.2 -4405.98 -4716.47 -4803.07 -4716.47 -4405.98 -3850.2 -3192.44 -2590.12 -2112.86 -1755.92 -1484.15 -1276.16 -1116.07 -1025.14 -996.986 -875.381 -596.61 -367.298 -267.707 -229.115 -191.895 -149.144 -112.124 -84.2577 -63.6522 -48.7035 -39.2054 -36.3176 
-35.807 -38.5416 -47.5719 -61.8211 -81.6799 -108.978 -144.719 -183.673 -218.435 -266.823 -383.475 -594.662 -792.593 -866.606 -908.912 -1003.22 -1147.05 -1330.35 -1565.59 -1863.63 -2241.72 -2685.37 -3133.53 -3489.57 -3684 -3739.48 -3684 -3489.57 -3133.53 -2685.37 -2241.72 -1863.63 -1565.59 -1330.35 -1147.05 -1003.22 -908.912 -866.606 -792.593 -594.662 -383.475 -266.823 -218.435 -183.673 -144.719 -108.978 -81.6799 -61.8211 -47.5719 -38.5416 -35.807 
-34.7748 -37.3172 -45.7435 -59.1089 -78.0717 -104.419 -137.665 -171.955 -206.385 -265.523 -387.953 -560.764 -688.278 -740.505 -793.656 -886.237 -1014.8 -1173.61 -1369.92 -1606.72 -1890.5 -2201.89 -2497.16 -2721.95 -2843.68 -2879.33 -2843.68 -2721.95 -2497.16 -2201.89 -1890.5 -1606.72 -1369.92 -1173.61 -1014.8 -886.237 -793.656 -740.505 -688.278 -560.764 -387.953 -265.523 -206.385 -171.955 -137.665 -104.419 -78.0717 -59.1089 -45.7435 -37.3172 -34.7748 
-33.1186 -35.4315 -43.1253 -55.4849 -73.409 -98.0968 -127.525 -157.501 -194.057 -260.837 -374.034 -499.367 -578.614 -624.416 -683.24 -770.392 -882.738 -1015.36 -1171.48 -1349.86 -1552.26 -1761.96 -1951.46 -2091.87 -2168.03 -2190.94 -2168.03 -2091.87 -1951.46 -1761.96 -1552.26 -1349.86 -1171.48 -1015.36 -882.738 -770.392 -683.24 -624.416 -578.614 -499.367 -374.034 -260.837 -194.057 -157.501 -127.525 -98.0968 -73.409 -55.4849 -43.1253 -35.4315 -33.1186 
-30.7349 -32.7839 -39.6534 -50.9207 -67.4681 -89.482 -114.452 -141.736 -181.136 -248.059 -339.505 -422.307 -475.19 -520.061 -579.225 -657.532 -751.808 -857.212 -975.009 -1102.55 -1240.41 -1376.8 -1495.83 -1582.68 -1630.19 -1644.89 -1630.19 -1582.68 -1495.83 -1376.8 -1240.41 -1102.55 -975.009 -857.212 -751.808 -657.532 -579.225 -520.061 -475.19 -422.307 -339.505 -248.059 -181.136 -141.736 -114.452 -89.482 -67.4681 -50.9207 -39.6534 -32.7839 -30.7349 
-27.5049 -29.2597 -35.2881 -45.3623 -59.9991 -78.5583 -99.5068 -125.446 -165.074 -223.362 -288.863 -342.255 -382.913 -426.538 -481.401 -547.962 -622.999 -702.231 -786.57 -873.415 -963.565 -1049.64 -1122.98 -1176.12 -1205.59 -1214.94 -1205.59 -1176.12 -1122.98 -1049.64 -963.565 -873.415 -786.57 -702.231 -622.999 -547.962 -481.401 -426.538 -382.913 -342.255 -288.863 -223.362 -165.074 -125.446 -99.5068 -78.5583 -59.9991 -45.3623 -35.2881 -29.2597 -27.5049 
-23.4508 -24.8862 -30.1485 -38.8417 -50.9244 -65.6598 -83.2215 -107.391 -142.81 -187.39 -231.108 -267.596 -301.88 -341.661 -388.694 -441.791 -498.089 -554.387 -611.899 -668.519 -725.425 -778.342 -822.717 -854.834 -872.939 -878.827 -872.939 -854.834 -822.717 -778.342 -725.425 -668.519 -611.899 -554.387 -498.089 -441.791 -388.694 -341.661 -301.88 -267.596 -231.108 -187.39 -142.81 -107.391 -83.2215 -65.6598 -50.9244 -38.8417 -30.1485 -24.8862 -23.4508 
-18.6115 -19.7055 -24.0449 -30.8472 -39.807 -50.9376 -65.7214 -86.9103 -114.951 -145.571 -173.876 -200.241 -228.839 -262.25 -299.698 -339.548 -379.584 -417.74 -455.488 -491.185 -526.145 -557.991 -584.398 -603.544 -614.533 -618.174 -614.533 -603.544 -584.398 -557.991 -526.145 -491.185 -455.488 -417.74 -379.584 -339.548 -299.698 -262.25 -228.839 -200.241 -173.876 -145.571 -114.951 -86.9103 -65.7214 -50.9376 -39.807 -30.8472 -24.0449 -19.7055 -18.6115 
-12.7532 -13.4885 -16.5643 -21.2194 -27.4358 -35.9967 -48.2062 -64.4493 -82.7693 -100.411 -117.264 -135.986 -158.833 -185.547 -214.25 -243.231 -270.924 -296.167 -320.458 -342.53 -363.617 -382.443 -397.877 -409.083 -415.631 -417.821 -415.631 -409.083 -397.877 -382.443 -363.617 -342.53 -320.458 -296.167 -270.924 -243.231 -214.25 -185.547 -158.833 -135.986 -117.264 -100.411 -82.7693 -64.4493 -48.2062 -35.9967 -27.4358 -21.2194 -16.5643 -13.4885 -12.7532 
-6.28634 -6.65289 -8.40828 -10.9881 -14.5475 -19.7332 -26.7715 -34.7214 -42.1961 -49.3035 -58.1546 -71.7118 -91.133 -113.532 -136.043 -157.215 -176.238 -192.717 -208.018 -221.54 -234.083 -244.949 -253.672 -259.969 -263.707 -264.956 -263.707 -259.969 -253.672 -244.949 -234.083 -221.54 -208.018 -192.717 -176.238 -157.215 -136.043 -113.532 -91.133 -71.7118 -58.1546 -49.3035 -42.1961 -34.7214 -26.7715 -19.7332 -14.5475 -10.9881 -8.40828 -6.65289 -6.28634 
-0 -0 -0 -0 -0 -0 -0 -0 -0 -0 -0.856024 -16.233 -45.7572 -74.5129 -99.2112 -120.78 -139.75 -156.421 -170.9 -183.11 -193.298 -201.581 -208.002 -212.58 -215.322 -216.236 -215.322 -212.58 -208.002 -201.581 -193.298 -183.11 -170.9 -156.421 -139.75 -120.78 -99.2112 -74.5129 -45.7572 -16.233 -0.856024 0 0 0 0 0 0 0 0 0 0 
