5.00199 4.36 3.80174 3.31631 2.89419 2.52713 2.20794 1.93039 1.68904 1.47918 1.29668 1.13799 1 0.878919 0.758506 0.641308 0.529597 0.425362 0.33198 0.251382 0.182936 0.125325 0.0776403 0.0400667 0.0137024 0 0.000879867 0.0180497 0.0523273 0.103763 0.171096 0.251597 0.341774 0.438509 0.540956 0.649483 0.762863 0.880007 1 1.13799 1.29668 1.47918 1.68904 1.93039 2.20794 2.52713 2.89419 3.31631 3.80174 4.36 5.00199 
5.00199 4.36698 3.81235 3.32763 2.9037 2.53262 2.20751 1.92236 1.67197 1.45179 1.2579 1.08684 0.935748 0.801187 0.66778 0.538187 0.414796 0.299709 0.196351 0.106739 0.0304161 -0.0337556 -0.0865416 -0.12768 -0.156054 -0.170234 -0.168364 -0.148816 -0.110842 -0.0544556 0.0190498 0.106945 0.205753 0.31233 0.4257 0.546035 0.671962 0.802232 0.935748 1.08684 1.2579 1.45179 1.67197 1.92236 2.20751 2.53262 2.9037 3.32763 3.81235 4.36698 5.00199 
5.00199 4.37396 3.82296 3.33896 2.91322 2.53812 2.20707 1.91433 1.65489 1.42441 1.21912 1.03568 0.871496 0.723455 0.577054 0.435066 0.299994 0.174056 0.0607214 -0.0379035 -0.122104 -0.192836 -0.250724 -0.295426 -0.325811 -0.340469 -0.337608 -0.315681 -0.274011 -0.212674 -0.132997 -0.0377058 0.0697319 0.186151 0.310444 0.442587 0.581062 0.724456 0.871496 1.03568 1.21912 1.42441 1.65489 1.91433 2.20707 2.53812 2.91322 3.33896 3.82296 4.37396 5.00199 
5.00199 4.38094 3.83358 3.35029 2.92273 2.54362 2.20664 1.9063 1.63781 1.39703 1.18034 0.984525 0.807245 0.645723 0.486328 0.331945 0.185192 0.0484025 -0.0749081 -0.182546 -0.274624 -0.351917 -0.414905 -0.463172 -0.495568 -0.510703 -0.506851 -0.482547 -0.437181 -0.370892 -0.285043 -0.182357 -0.0662893 0.0599718 0.195188 0.339139 0.490161 0.64668 0.807245 0.984525 1.18034 1.39703 1.63781 1.9063 2.20664 2.54362 2.92273 3.35029 3.83358 4.38094 5.00199 
5.00199 4.38792 3.84419 3.36162 2.93224 2.54912 2.20621 1.89827 1.62074 1.36965 1.14156 0.933369 0.742993 0.567991 0.395602 0.228824 0.0703908 -0.0772506 -0.210538 -0.327189 -0.427144 -0.510998 -0.579087 -0.630918 -0.665324 -0.680937 -0.676095 -0.649412 -0.60035 -0.52911 -0.437089 -0.327008 -0.202311 -0.0662072 0.0799323 0.235691 0.399261 0.568905 0.742993 0.933369 1.14156 1.36965 1.62074 1.89827 2.20621 2.54912 2.93224 3.36162 3.84419 4.38792 5.00199 
5.00199 4.3949 3.8548 3.37295 2.94176 2.55461 2.20577 1.89023 1.60366 1.34227 1.10278 0.882213 0.678741 0.490258 0.304875 0.125703 -0.0444108 -0.202904 -0.346167 -0.471831 -0.579664 -0.670079 -0.743269 -0.798664 -0.835081 -0.851172 -0.845339 -0.816278 -0.76352 -0.687329 -0.589136 -0.47166 -0.338332 -0.192386 -0.0353237 0.132243 0.308361 0.491129 0.678741 0.882213 1.10278 1.34227 1.60366 1.89023 2.20577 2.55461 2.94176 3.37295 3.8548 4.3949 5.00199 
5.00199 4.40188 3.86541 3.38428 2.95127 2.56011 2.20534 1.8822 1.58658 1.31489 1.064 0.831058 0.614489 0.412526 0.214149 0.0225821 -0.159212 -0.328557 -0.481797 -0.616474 -0.732184 -0.829159 -0.907451 -0.966411 -1.00484 -1.02141 -1.01458 -0.983144 -0.926689 -0.845547 -0.741182 -0.616311 -0.474353 -0.318565 -0.15058 0.0287951 0.21746 0.413353 0.614489 0.831058 1.064 1.31489 1.58658 1.8822 2.20534 2.56011 2.95127 3.38428 3.86541 4.40188 5.00199 
5.00199 4.40886 3.87602 3.39561 2.96079 2.56561 2.2049 1.87417 1.56951 1.28751 1.02521 0.779902 0.550237 0.334794 0.123423 -0.0805388 -0.274014 -0.45421 -0.617426 -0.761117 -0.884704 -0.98824 -1.07163 -1.13416 -1.17459 -1.19164 -1.18383 -1.15001 -1.08986 -1.00377 -0.893228 -0.760962 -0.610374 -0.444744 -0.265836 -0.0746529 0.12656 0.335577 0.550237 0.779902 1.02521 1.28751 1.56951 1.87417 2.2049 2.56561 2.96079 3.39561 3.87602 4.40886 5.00199 
5.00199 4.41584 3.88663 3.40694 2.9703 2.57111 2.20447 1.86614 1.55243 1.26012 0.986434 0.728746 0.485985 0.257062 0.0326971 -0.18366 -0.388816 -0.579863 -0.753055 -0.905759 -1.03722 -1.14732 -1.23581 -1.3019 -1.34435 -1.36187 -1.35307 -1.31687 -1.25303 -1.16198 -1.04527 -0.905613 -0.746396 -0.570923 -0.381092 -0.178101 0.0356595 0.257802 0.485985 0.728746 0.986434 1.26012 1.55243 1.86614 2.20447 2.57111 2.9703 3.40694 3.88663 4.41584 5.00199 
5.00199 4.42282 3.89724 3.41827 2.97982 2.57661 2.20403 1.85811 1.53535 1.23274 0.947653 0.677591 0.421734 0.17933 -0.0580291 -0.286781 -0.503617 -0.705516 -0.888685 -1.0504 -1.18974 -1.3064 -1.4 -1.46965 -1.51411 -1.53211 -1.52231 -1.48374 -1.4162 -1.3202 -1.19732 -1.05026 -0.882417 -0.697102 -0.496348 -0.281549 -0.0552408 0.180026 0.421734 0.677591 0.947653 1.23274 1.53535 1.85811 2.20403 2.57661 2.97982 3.41827 3.89724 4.42282 5.00199 
5.00199 4.4298 3.90785 3.4296 2.98933 2.5821 2.2036 1.85008 1.51828 1.20536 0.908872 0.626435 0.357482 0.101598 -0.148755 -0.389902 -0.618419 -0.831169 -1.02431 -1.19504 -1.34226 -1.46548 -1.56418 -1.6374 -1.68386 -1.70234 -1.69156 -1.65061 -1.57937 -1.47842 -1.34937 -1.19492 -1.01844 -0.823281 -0.611604 -0.384997 -0.146141 0.10225 0.357482 0.626435 0.908872 1.20536 1.51828 1.85008 2.2036 2.5821 2.98933 3.4296 3.90785 4.4298 5.00199 
5.00199 4.43678 3.91846 3.44093 2.99885 2.5876 2.20317 1.84205 1.5012 1.17798 0.870091 0.575279 0.29323 0.0238654 -0.239481 -0.493023 -0.733221 -0.956822 -1.15994 -1.33969 -1.49478 -1.62456 -1.72836 -1.80514 -1.85362 -1.87258 -1.8608 -1.81747 -1.74254 -1.63664 -1.50141 -1.33957 -1.15446 -0.94946 -0.72686 -0.488445 -0.237042 0.0244746 0.29323 0.575279 0.870091 1.17798 1.5012 1.84205 2.20317 2.5876 2.99885 3.44093 3.91846 4.43678 5.00199 
5.00199 4.44376 3.92908 3.45226 3.00836 2.5931 2.20273 1.83401 1.48412 1.1506 0.83131 0.524124 0.228978 -0.0538668 -0.330207 -0.596143 -0.848022 -1.08248 -1.29557 -1.48433 -1.6473 -1.78364 -1.89254 -1.97289 -2.02338 -2.04281 -2.03005 -1.98434 -1.90571 -1.79486 -1.65346 -1.48422 -1.29048 -1.07564 -0.842116 -0.591892 -0.327942 -0.0533011 0.228978 0.524124 0.83131 1.1506 1.48412 1.83401 2.20273 2.5931 3.00836 3.45226 3.92908 4.44376 5.00199 
5.00199 4.45074 3.93969 3.46359 3.01788 2.5986 2.2023 1.82598 1.46704 1.12322 0.792529 0.472968 0.164726 -0.131599 -0.420934 -0.699264 -0.962824 -1.20813 -1.4312 -1.62897 -1.79982 -1.94272 -2.05672 -2.14063 -2.19313 -2.21305 -2.19929 -2.1512 -2.06887 -1.95307 -1.80551 -1.62887 -1.4265 -1.20182 -0.957372 -0.69534 -0.418842 -0.131077 0.164726 0.472968 0.792529 1.12322 1.46704 1.82598 2.2023 2.5986 3.01788 3.46359 3.93969 4.45074 5.00199 
5.00199 4.45772 3.9503 3.47492 3.02739 2.6041 2.20186 1.81795 1.44997 1.09584 0.753748 0.421812 0.100474 -0.209331 -0.51166 -0.802385 -1.07763 -1.33378 -1.56683 -1.77362 -1.95234 -2.10181 -2.22091 -2.30838 -2.36289 -2.38328 -2.36853 -2.31807 -2.23204 -2.11129 -1.95755 -1.77352 -1.56252 -1.328 -1.07263 -0.798788 -0.509743 -0.208852 0.100474 0.421812 0.753748 1.09584 1.44997 1.81795 2.20186 2.6041 3.02739 3.47492 3.9503 4.45772 5.00199 
5.00199 4.4647 3.96091 3.48624 3.03691 2.60959 2.20143 1.80992 1.43289 1.06845 0.714967 0.370657 0.0362225 -0.287063 -0.602386 -0.905506 -1.19243 -1.45943 -1.70246 -1.91826 -2.10486 -2.26089 -2.38509 -2.47613 -2.53265 -2.55352 -2.53778 -2.48493 -2.39521 -2.26951 -2.1096 -1.91817 -1.69854 -1.45418 -1.18788 -0.902236 -0.600643 -0.286628 0.0362225 0.370657 0.714967 1.06845 1.43289 1.80992 2.20143 2.60959 3.03691 3.48624 3.96091 4.4647 5.00199 
5.00199 4.47168 3.97152 3.49757 3.04642 2.61509 2.201 1.80189 1.41581 1.04107 0.676186 0.319501 -0.0280293 -0.364796 -0.693112 -1.00863 -1.30723 -1.58509 -1.83809 -2.0629 -2.25738 -2.41997 -2.54927 -2.64387 -2.7024 -2.72375 -2.70702 -2.6518 -2.55838 -2.42773 -2.26165 -2.06282 -1.83457 -1.58035 -1.30314 -1.00568 -0.691544 -0.364404 -0.0280293 0.319501 0.676186 1.04107 1.41581 1.80189 2.201 2.61509 3.04642 3.49757 3.97152 4.47168 5.00199 
5.00199 4.47866 3.98213 3.5089 3.05594 2.62059 2.20056 1.79386 1.39874 1.01369 0.637405 0.268345 -0.0922812 -0.442528 -0.783838 -1.11175 -1.42203 -1.71074 -1.97372 -2.20754 -2.4099 -2.57905 -2.71345 -2.81162 -2.87216 -2.89398 -2.87626 -2.81866 -2.72155 -2.58595 -2.41369 -2.20747 -1.97059 -1.70653 -1.4184 -1.10913 -0.782444 -0.44218 -0.0922812 0.268345 0.637405 1.01369 1.39874 1.79386 2.20056 2.62059 3.05594 3.5089 3.98213 4.47866 5.00199 
5.00199 4.48564 3.99274 3.52023 3.06545 2.62609 2.20013 1.78583 1.38166 0.98631 0.598624 0.21719 -0.156533 -0.52026 -0.874564 -1.21487 -1.53683 -1.83639 -2.10935 -2.35219 -2.56242 -2.73813 -2.87763 -2.97937 -3.04192 -3.06422 -3.04551 -2.98553 -2.88472 -2.74417 -2.56574 -2.35213 -2.10661 -1.83271 -1.53365 -1.21258 -0.873344 -0.519955 -0.156533 0.21719 0.598624 0.98631 1.38166 1.78583 2.20013 2.62609 3.06545 3.52023 3.99274 4.48564 5.00199 
5.00199 4.49262 4.00335 3.53156 3.07497 2.63158 2.19969 1.77779 1.36458 0.958928 0.559843 0.166034 -0.220785 -0.597992 -0.96529 -1.31799 -1.65163 -1.96205 -2.24498 -2.49683 -2.71494 -2.89721 -3.04182 -3.14711 -3.21167 -3.23445 -3.21475 -3.1524 -3.04789 -2.90238 -2.71779 -2.49678 -2.24263 -1.95889 -1.64891 -1.31603 -0.964245 -0.597731 -0.220785 0.166034 0.559843 0.958928 1.36458 1.77779 2.19969 2.63158 3.07497 3.53156 4.00335 4.49262 5.00199 
5.00199 4.4996 4.01396 3.54289 3.08448 2.63708 2.19926 1.76976 1.34751 0.931547 0.521062 0.114879 -0.285037 -0.675724 -1.05602 -1.42111 -1.76644 -2.0877 -2.38061 -2.64147 -2.86746 -3.05629 -3.206 -3.31486 -3.38143 -3.40469 -3.384 -3.31926 -3.21106 -3.0606 -2.86983 -2.64143 -2.37865 -2.08507 -1.76416 -1.41948 -1.05515 -0.675507 -0.285037 0.114879 0.521062 0.931547 1.34751 1.76976 2.19926 2.63708 3.08448 3.54289 4.01396 4.4996 5.00199 
5.00199 4.50658 4.02458 3.55422 3.094 2.64258 2.19883 1.76173 1.33043 0.904165 0.482281 0.0637229 -0.349288 -0.753456 -1.14674 -1.52423 -1.88124 -2.21335 -2.51624 -2.78611 -3.01998 -3.21537 -3.37018 -3.4826 -3.55119 -3.57492 -3.55324 -3.48613 -3.37423 -3.21882 -3.02188 -2.78608 -2.51467 -2.21125 -1.87942 -1.52292 -1.14605 -0.753282 -0.349288 0.0637229 0.482281 0.904165 1.33043 1.76173 2.19883 2.64258 3.094 3.55422 4.02458 4.50658 5.00199 
5.00199 4.51356 4.03519 3.56555 3.10351 2.64808 2.19839 1.7537 1.31335 0.876784 0.4435 0.0125672 -0.41354 -0.831189 -1.23747 -1.62735 -1.99604 -2.33901 -2.65187 -2.93076 -3.1725 -3.37445 -3.53436 -3.65035 -3.72094 -3.74516 -3.72248 -3.65299 -3.5374 -3.37704 -3.17392 -2.93073 -2.65069 -2.33743 -1.99468 -1.62637 -1.23695 -0.831058 -0.41354 0.0125672 0.4435 0.876784 1.31335 1.7537 2.19839 2.64808 3.10351 3.56555 4.03519 4.51356 5.00199 
5.00199 4.52054 4.0458 3.57688 3.11302 2.65358 2.19796 1.74567 1.29628 0.849403 0.404719 -0.0385884 -0.477792 -0.908921 -1.32819 -1.73047 -2.11084 -2.46466 -2.7875 -3.0754 -3.32502 -3.53353 -3.69854 -3.8181 -3.8907 -3.91539 -3.89173 -3.81986 -3.70057 -3.53526 -3.32597 -3.07538 -2.78671 -2.46361 -2.10993 -1.72982 -1.32785 -0.908834 -0.477792 -0.0385884 0.404719 0.849403 1.29628 1.74567 2.19796 2.65358 3.11302 3.57688 4.0458 4.52054 5.00199 
5.00199 4.52752 4.05641 3.58821 3.12254 2.65907 2.19752 1.73764 1.2792 0.822021 0.365938 -0.0897441 -0.542044 -0.986653 -1.41892 -1.83359 -2.22564 -2.59031 -2.92313 -3.22004 -3.47754 -3.69261 -3.86272 -3.98584 -4.06046 -4.08562 -4.06097 -3.98672 -3.86374 -3.69348 -3.47802 -3.22003 -2.92274 -2.58979 -2.22519 -1.83327 -1.41875 -0.986609 -0.542044 -0.0897441 0.365938 0.822021 1.2792 1.73764 2.19752 2.65907 3.12254 3.58821 4.05641 4.52752 5.00199 
5.00199 4.5345 4.06702 3.59954 3.13205 2.66457 2.19709 1.72961 1.26212 0.79464 0.327157 -0.1409 -0.606296 -1.06439 -1.50965 -1.93672 -2.34044 -2.71597 -3.05876 -3.36468 -3.63006 -3.85169 -4.02691 -4.15359 -4.23021 -4.25586 -4.23021 -4.15359 -4.02691 -3.85169 -3.63006 -3.36468 -3.05876 -2.71597 -2.34044 -1.93672 -1.50965 -1.06439 -0.606296 -0.1409 0.327157 0.79464 1.26212 1.72961 2.19709 2.66457 3.13205 3.59954 4.06702 4.5345 5.00199 
