5.00199 4.36 3.80174 3.31631 2.89419 2.52713 2.20794 1.93039 1.68904 1.47918 1.29668 1.13799 1 0.878919 0.758506 0.641308 0.529597 0.425362 0.33198 0.251382 0.182936 0.125325 0.0776403 0.0400667 0.0137024 0 0.000879867 0.0180497 0.0523273 0.103763 0.171096 0.251597 0.341774 0.438509 0.540956 0.649483 0.762863 0.880007 1 1.13799 1.29668 1.47918 1.68904 1.93039 2.20794 2.52713 2.89419 3.31631 3.80174 4.36 5.00199 
5.00199 4.36275 3.80576 3.32079 2.89866 2.53128 2.2116 1.93343 1.6914 1.48081 1.29757 1.13811 0.99934 0.877393 0.756291 0.638605 0.526621 0.422362 0.329269 0.248769 0.180314 0.122662 0.0749703 0.0374997 0.0114823 -0.00112149 -0.000858209 0.0150887 0.048836 0.100004 0.16723 0.247716 0.337906 0.434659 0.537506 0.646573 0.760609 0.878509 0.999353 1.1381 1.29754 1.48077 1.69136 1.93339 2.21155 2.53124 2.89861 3.32075 3.80573 4.36273 5.00199 
5.00199 4.36588 3.81036 3.32594 2.9038 2.53607 2.21582 1.93695 1.69412 1.4827 1.29859 1.13823 0.998551 0.875596 0.753711 0.635475 0.523187 0.418916 0.326152 0.245756 0.177284 0.119585 0.0718976 0.0345779 0.00903015 -0.00256549 -0.00291717 0.0117634 0.044853 0.0956917 0.162785 0.243247 0.33345 0.430203 0.53348 0.64316 0.757948 0.876724 0.998572 1.13821 1.29853 1.48262 1.69403 1.93684 2.21572 2.53597 2.90371 3.32586 3.8103 4.36585 5.00199 
5.00199 4.36946 3.81562 3.33183 2.9097 2.54158 2.22067 1.94099 1.69726 1.48487 1.29976 1.13836 0.997599 0.873475 0.750701 0.631844 0.51922 0.414948 0.322555 0.242267 0.173768 0.116016 0.0683492 0.0312415 0.00627441 -0.00442677 -0.00537973 0.00800662 0.0403029 0.0907388 0.157664 0.238093 0.328306 0.425041 0.528778 0.639148 0.754797 0.874586 0.997617 1.13831 1.29966 1.48473 1.69711 1.94083 2.22051 2.54142 2.90955 3.33171 3.81552 4.36939 5.00199 
5.00199 4.37351 3.82161 3.33858 2.91647 2.5479 2.22625 1.94564 1.70086 1.48735 1.30108 1.13847 0.996439 0.870967 0.747181 0.627624 0.514631 0.410369 0.318383 0.238204 0.169666 0.111856 0.0642333 0.0274092 0.00311431 -0.00682705 -0.00835577 0.00372802 0.0350923 0.0850383 0.151753 0.232134 0.322355 0.419052 0.523278 0.634422 0.751057 0.872019 0.996433 1.13837 1.30092 1.48715 1.70063 1.9454 2.22601 2.54767 2.91625 3.3384 3.82147 4.37342 5.00199 
5.00199 4.37809 3.82843 3.34628 2.92421 2.55514 2.23265 1.95096 1.70498 1.49017 1.30255 1.13852 0.995012 0.867992 0.743054 0.622708 0.509306 0.405067 0.313518 0.233443 0.164851 0.106979 0.059432 0.0229688 -0.000590701 -0.00992278 -0.0119915 -0.00119466 0.029103 0.0784599 0.144914 0.225227 0.315452 0.412093 0.516834 0.628843 0.746604 0.86892 0.994945 1.13837 1.30232 1.48989 1.70467 1.95063 2.23232 2.55483 2.92392 3.34604 3.82824 4.37798 5.00199 
5.00199 4.38326 3.83617 3.35505 2.93304 2.56342 2.23996 1.95705 1.70966 1.49335 1.30416 1.13848 0.993239 0.864447 0.7382 0.616964 0.50311 0.398899 0.307806 0.227825 0.15916 0.101225 0.0537904 0.0177635 -0.00503422 -0.0139158 -0.0164814 -0.00692835 0.0221813 0.0708407 0.136974 0.217196 0.307419 0.403987 0.509271 0.622242 0.741285 0.865165 0.993058 1.13822 1.30383 1.49297 1.70924 1.95661 2.23952 2.563 2.93267 3.35473 3.83592 4.38311 5.00199 
5.00199 4.38906 3.84492 3.365 2.94309 2.57284 2.24828 1.96396 1.71496 1.49691 1.30588 1.13827 0.991018 0.860206 0.732469 0.610227 0.495868 0.391681 0.30105 0.221142 0.152382 0.094383 0.0471007 0.0115735 -0.0104795 -0.0190683 -0.0220841 -0.0137017 0.0141231 0.0619734 0.127719 0.20782 0.298034 0.394517 0.500373 0.61441 0.73491 0.86059 0.990641 1.13786 1.30541 1.49639 1.7144 1.96339 2.24772 2.57232 2.94262 3.3646 3.8446 4.38888 5.00199 
5.00199 4.39554 3.85475 3.37625 2.95448 2.58353 2.25772 1.97176 1.7209 1.50082 1.30765 1.13779 0.988213 0.855103 0.725668 0.602287 0.487356 0.383174 0.29299 0.213124 0.144239 0.0861745 0.0390803 0.00409152 -0.0172807 -0.0257238 -0.029143 -0.0218279 0.00465273 0.0515887 0.116874 0.196822 0.28702 0.383411 0.489872 0.605089 0.727241 0.854989 0.987525 1.13715 1.30699 1.50012 1.72017 1.97104 2.25701 2.58287 2.95388 3.37575 3.85437 4.39531 5.00199 
5.00199 4.40273 3.86576 3.38889 2.96732 2.59559 2.26834 1.98052 1.72749 1.50506 1.30939 1.13691 0.984641 0.848921 0.717549 0.592872 0.477281 0.373061 0.283285 0.203413 0.134365 0.0762262 0.0293411 -0.00510855 -0.0259095 -0.0343371 -0.0381149 -0.0317352 -0.00660683 0.0393293 0.104085 0.183846 0.274023 0.370327 0.477434 0.593955 0.717979 0.848098 0.983487 1.13593 1.30845 1.50411 1.72655 1.9796 2.26746 2.59477 2.96659 3.38828 3.8653 4.40245 5.00199 
5.00199 4.41065 3.87801 3.40303 2.98171 2.60911 2.28023 1.99026 1.73472 1.50954 1.31096 1.13543 0.980057 0.841372 0.707789 0.581623 0.465254 0.36092 0.271482 0.191537 0.122271 0.0640315 0.017347 -0.016613 -0.0369915 -0.0455144 -0.0496074 -0.0440073 -0.020175 0.0247133 0.0888829 0.168432 0.258588 0.354823 0.462634 0.580602 0.70674 0.839572 0.978231 1.13395 1.30963 1.50827 1.7335 1.98908 2.27913 2.60811 2.98082 3.4023 3.87746 4.41033 5.00199 
5.00199 4.41931 3.89153 3.41873 2.99772 2.62415 2.29341 2.00094 1.7425 1.51412 1.31215 1.13307 0.974127 0.832073 0.695953 0.568065 0.450755 0.346187 0.256977 0.176859 0.107295 0.0488972 0.00235826 -0.0312215 -0.0513563 -0.0600683 -0.064433 -0.0594374 -0.0367699 0.00708161 0.0706407 0.149967 0.24012 0.336326 0.444922 0.564503 0.693035 0.828968 0.97137 1.13089 1.31027 1.51241 1.74091 1.99946 2.29204 2.62292 2.99665 3.41785 3.89088 4.41894 5.00199 
5.00199 4.4287 3.90633 3.436 3.01537 2.64072 2.30784 2.01251 1.75069 1.51858 1.31264 1.12945 0.966398 0.820503 0.681459 0.551551 0.433079 0.328096 0.238954 0.15852 0.0885333 0.0298703 -0.0166436 -0.050018 -0.0701086 -0.0790924 -0.0836822 -0.0791001 -0.0573842 -0.0144758 0.0485031 0.127633 0.217828 0.314078 0.423577 0.544977 0.676228 0.815705 0.962389 1.12632 1.31004 1.51629 1.74863 2.01064 2.30615 2.63922 3.01409 3.43496 3.90556 4.42827 5.00199 
5.00199 4.43877 3.92235 3.4548 3.03463 2.65874 2.32341 2.02476 1.75902 1.52256 1.312 1.12403 0.956246 0.805953 0.663512 0.531205 0.411264 0.305607 0.216307 0.135349 0.0647501 0.00563749 -0.0410562 -0.0744679 -0.0947295 -0.104064 -0.108826 -0.104451 -0.083389 -0.0412226 0.0212923 0.100316 0.190651 0.287068 0.397643 0.521126 0.655481 0.799018 0.950608 1.11965 1.30844 1.51953 1.75636 2.02241 2.32133 2.65693 3.0331 3.45358 3.92147 4.43828 5.00199 
5.00199 4.44944 3.93949 3.47501 3.05533 2.67803 2.33988 2.0374 1.76709 1.52556 1.3096 1.11607 0.942815 0.787448 0.641024 0.505821 0.383992 0.277297 0.187521 0.10574 0.0342399 -0.0256119 -0.0727927 -0.106555 -0.127221 -0.136988 -0.141862 -0.137465 -0.116674 -0.0749186 -0.0126284 0.0664798 0.157138 0.253923 0.365832 0.491747 0.629683 0.777892 0.93512 1.11009 1.3048 1.52156 1.76367 2.03445 2.33734 2.67586 3.05353 3.47359 3.93847 4.44888 5.00199 
5.00199 4.46057 3.95754 3.49638 3.07721 2.69826 2.35686 2.04992 1.77428 1.52682 1.30456 1.10454 0.924919 0.763646 0.61249 0.473736 0.349445 0.241204 0.15051 0.0674729 -0.0053554 -0.0663756 -0.114474 -0.148976 -0.170308 -0.1806 -0.185513 -0.180834 -0.159844 -0.118016 -0.0555453 0.0239889 0.115286 0.212759 0.326384 0.45521 0.597336 0.750968 0.914711 1.09657 1.2982 1.52162 1.76993 2.04625 2.35376 2.69568 3.0751 3.49475 3.95638 4.45995 5.00199 
5.00199 4.472 3.9762 3.51855 3.09982 2.71891 2.37371 2.06158 1.77971 1.52531 1.29564 1.08801 0.900917 0.732683 0.575827 0.432643 0.305102 0.194611 0.102381 0.0174675 -0.0573074 -0.120108 -0.169703 -0.205432 -0.227738 -0.238664 -0.243527 -0.238256 -0.216495 -0.173933 -0.110663 -0.0301468 0.0623033 0.16096 0.276871 0.409281 0.556401 0.716404 0.88774 1.07765 1.28739 1.51863 1.77424 2.05705 2.36997 2.71585 3.09736 3.51667 3.9749 4.47131 5.00199 
5.00199 4.48349 3.99507 3.54094 3.12248 2.73919 2.38951 2.07128 1.78211 1.51953 1.28113 1.0645 0.868529 0.691971 0.52813 0.379326 0.247446 0.133724 0.0390936 -0.0485772 -0.126179 -0.19161 -0.243476 -0.281049 -0.304712 -0.31641 -0.321107 -0.314855 -0.291622 -0.247453 -0.182486 -0.100138 -0.00573675 0.0948596 0.213905 0.35086 0.504069 0.671682 0.851976 1.05137 1.27067 1.51114 1.77533 2.06577 2.38504 2.7356 3.11966 3.53883 3.99363 4.48273 5.00199 
5.00199 4.49475 4.01359 3.56282 3.14426 2.75798 2.40296 2.07753 1.77971 1.50743 1.25864 1.03124 0.824583 0.637894 0.465329 0.309265 0.171529 0.0532033 -0.0450399 -0.136717 -0.218387 -0.28763 -0.342807 -0.383031 -0.408552 -0.421202 -0.425573 -0.417829 -0.392235 -0.345304 -0.277384 -0.191949 -0.0943955 0.00927048 0.132707 0.275597 0.436429 0.613322 0.804359 1.01506 1.24573 1.49713 1.77148 2.07094 2.39771 2.75384 3.14107 3.56047 4.01202 4.49393 5.00199 
5.00199 4.50542 4.03109 3.58322 3.16394 2.7738 2.4123 2.07824 1.7701 1.48619 1.22487 0.98441 0.76465 0.565371 0.381677 0.216053 0.070318 -0.0545597 -0.158131 -0.255592 -0.343091 -0.417794 -0.477713 -0.521688 -0.54975 -0.563592 -0.567405 -0.557462 -0.528322 -0.477077 -0.404447 -0.314112 -0.211632 -0.103226 0.0264599 0.177322 0.34797 0.536467 0.740656 0.965059 1.20941 1.47389 1.76035 2.07055 2.40627 2.76914 3.16041 3.58067 4.02941 4.50456 5.00199 
5.00199 4.51509 4.04675 3.60093 3.17994 2.78471 2.41518 2.07064 1.74999 1.45195 1.1753 0.918675 0.682498 0.467193 0.268956 0.0904719 -0.0663591 -0.200601 -0.31197 -0.417785 -0.513651 -0.596175 -0.662864 -0.712142 -0.74371 -0.759074 -0.761967 -0.748793 -0.714445 -0.656721 -0.576892 -0.47903 -0.369015 -0.253402 -0.1147 0.0471498 0.230821 0.434248 0.654955 0.896322 1.15741 1.43777 1.73884 2.06195 2.40848 2.7796 3.17615 3.59824 4.045 4.51422 5.00199 
5.00199 4.52332 4.05964 3.61454 3.19034 2.78825 2.4086 2.05107 1.71497 1.39944 1.10362 0.826538 0.569251 0.332962 0.115175 -0.0810608 -0.253601 -0.401401 -0.524239 -0.642233 -0.750238 -0.84407 -0.920505 -0.977353 -1.01383 -1.03117 -1.03254 -1.01454 -0.972534 -0.905184 -0.814527 -0.705261 -0.583816 -0.457291 -0.305385 -0.127981 0.0735264 0.296793 0.538873 0.801792 1.08381 1.3838 1.70278 2.04168 2.40146 2.78292 3.18645 3.61182 4.05791 4.52246 5.00199 
5.00199 4.52962 4.06876 3.62247 3.19293 2.78148 2.38874 2.01473 1.65912 1.32138 1.00098 0.697262 0.411962 0.147231 -0.0977659 -0.319336 -0.514796 -0.682726 -0.822776 -0.958934 -1.08494 -1.19543 -1.28612 -1.35394 -1.3974 -1.41727 -1.41606 -1.3907 -1.33725 -1.25552 -1.14853 -1.02191 -0.882999 -0.739778 -0.56808 -0.367942 -0.1411 0.109534 0.380269 0.671444 0.980378 1.30523 1.64666 2.00526 2.38165 2.77628 3.1892 3.61992 4.06716 4.52885 5.00199 
5.00199 4.53361 4.07321 3.62316 3.18531 2.76096 2.35089 1.95538 1.57436 1.20751 0.854507 0.514824 0.190845 -0.114137 -0.398755 -0.658205 -0.888725 -1.08798 -1.25504 -1.41951 -1.5732 -1.70891 -1.8208 -1.9046 -1.95795 -1.98094 -1.97521 -1.93833 -1.86757 -1.76406 -1.63206 -1.47844 -1.31197 -1.14226 -0.939603 -0.704678 -0.44014 -0.150018 0.160802 0.490473 0.835233 1.19257 1.56299 1.94689 2.34466 2.75648 3.18216 3.62104 4.07191 4.533 5.00199 
5.00199 4.5351 4.07244 3.61542 3.16529 2.72302 2.28932 1.86459 1.4489 1.04204 0.643656 0.252965 -0.127197 -0.492274 -0.838046 -1.15809 -1.44672 -1.69954 -1.91394 -2.12693 -2.3257 -2.50014 -2.64288 -2.74884 -2.81513 -2.84111 -2.82744 -2.77285 -2.67637 -2.54026 -2.36947 -2.17181 -1.9581 -1.74191 -1.48623 -1.19382 -0.86949 -0.519217 -0.149521 0.235069 0.629697 1.03142 1.44101 1.85885 2.28523 2.72016 3.16334 3.61414 4.07166 4.53474 5.00199 
5.00199 4.5345 4.06702 3.59954 3.13205 2.66457 2.19709 1.72961 1.26212 0.79464 0.327157 -0.1409 -0.606296 -1.06439 -1.50965 -1.93672 -2.34044 -2.71597 -3.05876 -3.36468 -3.63006 -3.85169 -4.02691 -4.15359 -4.23021 -4.25586 -4.23021 -4.15359 -4.02691 -3.85169 -3.63006 -3.36468 -3.05876 -2.71597 -2.34044 -1.93672 -1.50965 -1.06439 -0.606296 -0.1409 0.327157 0.79464 1.26212 1.72961 2.19709 2.66457 3.13205 3.59954 4.06702 4.5345 5.00199 
