0 0 0 0 0 0 0 0 0 0 0 0 6.66104e-17 -0.0157414 -0.0263221 -0.0327486 -0.0357891 -0.0359518 -0.0340954 -0.031922 -0.030081 -0.0282335 -0.0254641 -0.0205917 -0.0124214 0 0.0160449 0.034162 0.0527415 0.0693678 0.0814441 0.0869667 0.0852163 0.0771488 0.0650075 0.050189 0.0337607 0.0167546 -6.66104e-17 0 0 0 0 0 0 0 0 0 0 0 0 
-0.02 -0.0197181 -0.0194267 -0.0190969 -0.018717 -0.018285 -0.0178062 -0.0172903 -0.0167517 -0.0162111 -0.0157038 -0.0153236 -0.0156763 -0.029348 -0.0387519 -0.0441793 -0.0462472 -0.045458 -0.0427044 -0.0395528 -0.0365941 -0.0334783 -0.0292871 -0.0228198 -0.0128188 0.000103566 0.016876 0.0355118 0.0553048 0.0732068 0.0866189 0.0935633 0.0933274 0.0868092 0.0760721 0.0625331 0.047313 0.0315304 0.0164723 0.015813 0.0160455 0.0164595 0.0169351 0.0174259 0.0179057 0.0183569 0.0187674 0.0191308 0.0194475 0.0197281 0.02 
-0.043 -0.0423972 -0.0417735 -0.0410673 -0.0402531 -0.0393268 -0.0382987 -0.0371898 -0.0360305 -0.0348647 -0.0337679 -0.0329362 -0.0334264 -0.0449669 -0.0530272 -0.0572955 -0.0582352 -0.0563411 -0.0525359 -0.0482336 -0.0439626 -0.0393615 -0.0335083 -0.0251894 -0.0132415 0.000258833 0.0178262 0.0370732 0.0582146 0.0775783 0.0925221 0.101089 0.102571 0.0978076 0.0886869 0.0766269 0.0627989 0.0484078 0.0350976 0.0339848 0.0345009 0.0353977 0.0364238 0.0374805 0.0385121 0.0394808 0.0403612 0.0411398 0.041818 0.0424187 0.043 
-0.06945 -0.0684826 -0.0674804 -0.0663452 -0.0650354 -0.0635439 -0.0618864 -0.060096 -0.0582211 -0.0563317 -0.0545474 -0.0531686 -0.0535423 -0.0628886 -0.0694186 -0.0723421 -0.0719721 -0.0687942 -0.0637558 -0.0580985 -0.0522863 -0.0459456 -0.0381536 -0.0277071 -0.0136923 0.000477667 0.018916 0.0388835 0.0615218 0.0825562 0.0992547 0.109671 0.113101 0.110321 0.103058 0.0927066 0.0804825 0.0676721 0.0561715 0.0548521 0.0557271 0.0571897 0.0588542 0.0605639 0.0622296 0.0637915 0.0652092 0.0664617 0.0675519 0.0685171 0.06945 
-0.0998675 -0.0984866 -0.0970543 -0.0954309 -0.0935565 -0.0914196 -0.0890415 -0.0864683 -0.0837684 -0.0810404 -0.078451 -0.0763988 -0.0763649 -0.0834452 -0.0882357 -0.0895995 -0.087708 -0.0830361 -0.0765511 -0.069298 -0.0616755 -0.0532989 -0.043252 -0.030385 -0.0141774 0.000772688 0.0201709 0.0409892 0.0652881 0.0882268 0.106934 0.119459 0.125093 0.12455 0.119418 0.111039 0.100663 0.0896465 0.080036 0.0787977 0.0801383 0.0822686 0.0846747 0.087138 0.0895325 0.0917738 0.093805 0.0955975 0.0971564 0.0985359 0.0998675 
-0.134848 -0.132999 -0.131079 -0.128901 -0.126385 -0.123512 -0.12031 -0.116838 -0.113187 -0.109486 -0.10595 -0.10306 -0.102293 -0.107017 -0.109833 -0.109389 -0.105728 -0.0993159 -0.0911336 -0.0820014 -0.0722534 -0.0614974 -0.0488398 -0.0332444 -0.0147088 0.00115667 0.0216235 0.0434487 0.06959 0.0946928 0.115696 0.130622 0.13875 0.140726 0.138031 0.131928 0.123679 0.114699 0.107088 0.106258 0.108211 0.111134 0.114404 0.117737 0.120969 0.123987 0.126718 0.129125 0.131216 0.133065 0.134848 
-0.175075 -0.172699 -0.170227 -0.167422 -0.164177 -0.160468 -0.156324 -0.151822 -0.147074 -0.142242 -0.137587 -0.133651 -0.131792 -0.13404 -0.134619 -0.132079 -0.12636 -0.117918 -0.107745 -0.0964008 -0.0841598 -0.0706299 -0.0549655 -0.0363201 -0.0153065 0.00164184 0.0233156 0.0463357 0.0745237 0.102079 0.125702 0.143362 0.154307 0.159111 0.159199 0.155717 0.149919 0.14325 0.13779 0.137732 0.140491 0.144364 0.148641 0.152981 0.157173 0.16108 0.164607 0.16771 0.170403 0.172784 0.175075 
-0.221336 -0.218368 -0.215274 -0.211761 -0.207692 -0.203033 -0.197817 -0.192135 -0.186122 -0.179973 -0.173993 -0.16875 -0.165411 -0.16502 -0.163063 -0.158095 -0.14998 -0.139167 -0.12666 -0.112717 -0.0975574 -0.0808042 -0.0616984 -0.0396667 -0.016001 0.0022392 0.0253005 0.0497438 0.0802122 0.110539 0.137147 0.157914 0.17204 0.180016 0.183272 0.182803 0.179824 0.175785 0.172679 0.173795 0.177612 0.182626 0.188084 0.193585 0.19888 0.203799 0.20823 0.212121 0.215494 0.218474 0.221336 
-0.274536 -0.270906 -0.267114 -0.262805 -0.257808 -0.252074 -0.245639 -0.238607 -0.231136 -0.223454 -0.215897 -0.209032 -0.203791 -0.200545 -0.19571 -0.187929 -0.177023 -0.163441 -0.148203 -0.13121 -0.112642 -0.0921588 -0.0691382 -0.0433659 -0.016836 0.00295817 0.0276457 0.0537923 0.0868138 0.120266 0.150269 0.174563 0.192278 0.203805 0.210655 0.213645 0.213908 0.212867 0.212382 0.215116 0.220302 0.226695 0.233538 0.240384 0.246942 0.253013 0.258466 0.263245 0.267384 0.271036 0.274536 
-0.335717 -0.331349 -0.326777 -0.321578 -0.31554 -0.308595 -0.300779 -0.292206 -0.283057 -0.273586 -0.264154 -0.255291 -0.24769 -0.241304 -0.233196 -0.222156 -0.207998 -0.191181 -0.17275 -0.152189 -0.129656 -0.104878 -0.0774301 -0.0475348 -0.0178716 0.00380677 0.0304366 0.0586331 0.0945339 0.13151 0.165364 0.193658 0.215416 0.230912 0.241834 0.248782 0.252771 0.255156 0.257637 0.262475 0.26941 0.277475 0.285946 0.294346 0.302349 0.309726 0.316333 0.322109 0.327103 0.331505 0.335717 
-0.406074 -0.400891 -0.395455 -0.389265 -0.382066 -0.373764 -0.364388 -0.354061 -0.342983 -0.331428 -0.319765 -0.308465 -0.298006 -0.288113 -0.276273 -0.261456 -0.243507 -0.222915 -0.200761 -0.17604 -0.148911 -0.119212 -0.0867811 -0.0523364 -0.0191876 0.0047923 0.0337797 0.0644586 0.103639 0.144592 0.182809 0.215633 0.241942 0.261871 0.27739 0.288858 0.297126 0.303437 0.309314 0.316794 0.32593 0.336018 0.346404 0.3566 0.366252 0.375107 0.383008 0.389896 0.395841 0.401077 0.406074 
-0.486985 -0.480909 -0.47452 -0.467238 -0.458752 -0.448938 -0.437811 -0.425496 -0.412205 -0.398224 -0.383916 -0.369676 -0.355807 -0.341948 -0.325836 -0.306642 -0.284277 -0.259282 -0.232802 -0.203249 -0.170819 -0.135509 -0.0974825 -0.057991 -0.0208876 0.0059225 0.0378073 0.0715129 0.114476 0.159933 0.203089 0.241036 0.272463 0.297338 0.318038 0.334655 0.34783 0.35865 0.36845 0.379169 0.391032 0.403561 0.4162 0.428468 0.439995 0.450514 0.459857 0.467978 0.474973 0.481126 0.486985 
-0.580033 -0.572986 -0.56556 -0.557085 -0.547187 -0.535702 -0.522622 -0.508065 -0.492245 -0.47545 -0.45802 -0.44027 -0.422378 -0.403989 -0.38297 -0.358701 -0.331197 -0.30108 -0.269591 -0.234452 -0.195934 -0.154246 -0.109935 -0.0647898 -0.0231063 0.00720651 0.0426844 0.0801056 0.127492 0.178083 0.226839 0.270575 0.307754 0.338145 0.364674 0.387142 0.405935 0.42194 0.436292 0.450917 0.466108 0.481567 0.496847 0.511498 0.525149 0.537527 0.548468 0.557943 0.566085 0.573238 0.580033 
-0.687038 -0.678953 -0.67041 -0.660648 -0.649219 -0.635905 -0.620666 -0.603599 -0.584907 -0.564865 -0.543778 -0.521879 -0.499279 -0.475681 -0.449012 -0.41886 -0.385383 -0.349325 -0.312061 -0.27049 -0.225006 -0.17608 -0.124682 -0.073114 -0.0260201 0.00865496 0.0486176 0.0906311 0.143265 0.199764 0.254889 0.305173 0.348816 0.385358 0.418433 0.447535 0.472751 0.494719 0.514363 0.533636 0.55283 0.571776 0.590138 0.607515 0.623555 0.637994 0.650686 0.661631 0.671012 0.679241 0.687038 
-0.810094 -0.800916 -0.791192 -0.780065 -0.767 -0.751715 -0.734118 -0.714269 -0.692343 -0.668583 -0.643249 -0.616503 -0.588425 -0.558821 -0.525633 -0.488669 -0.448268 -0.405339 -0.361444 -0.312498 -0.259058 -0.201904 -0.142448 -0.0834615 -0.0298644 0.0102787 0.0558689 0.103596 0.162543 0.225923 0.288338 0.346045 0.396957 0.44036 0.480785 0.517394 0.549935 0.578754 0.60454 0.629285 0.653226 0.676275 0.698203 0.718675 0.737377 0.754076 0.76866 0.781179 0.791875 0.801242 0.810094 
-0.951608 -0.941308 -0.930366 -0.917822 -0.903047 -0.885675 -0.865544 -0.842656 -0.817132 -0.789166 -0.758958 -0.726607 -0.692202 -0.65567 -0.614964 -0.570126 -0.52172 -0.470876 -0.419396 -0.36201 -0.29948 -0.232925 -0.164197 -0.0964887 -0.0349593 0.0120857 0.0647743 0.119658 0.186298 0.2578 0.328634 0.394797 0.453908 0.504977 0.553651 0.598741 0.639616 0.676286 0.709173 0.740289 0.76978 0.797592 0.823598 0.847541 0.86917 0.888307 0.904901 0.919067 0.93113 0.941673 0.951608 
-1.11435 -1.10294 -1.09078 -1.07681 -1.0603 -1.04078 -1.01799 -0.991847 -0.96239 -0.929739 -0.894023 -0.855276 -0.813621 -0.76912 -0.719765 -0.665853 -0.608224 -0.548293 -0.488158 -0.421115 -0.348161 -0.270769 -0.191216 -0.113074 -0.0417476 0.0140754 0.0757706 0.139683 0.215799 0.297029 0.377698 0.45357 0.521971 0.581631 0.639573 0.694233 0.744565 0.790194 0.831239 0.86969 0.905565 0.938815 0.969405 0.997175 1.02196 1.04367 1.06234 1.07818 1.09162 1.10334 1.11435 
-1.3015 -1.28905 -1.27574 -1.26041 -1.24222 -1.22057 -1.19508 -1.16555 -1.13191 -1.09416 -1.05233 -1.0064 -0.956531 -0.902926 -0.843666 -0.779342 -0.711129 -0.640791 -0.570784 -0.492659 -0.407667 -0.317633 -0.225238 -0.134413 -0.0508511 0.01623 0.0894334 0.164822 0.252736 0.345772 0.438089 0.525225 0.604231 0.673568 0.741945 0.807398 0.868426 0.924223 0.974561 1.02134 1.06442 1.10375 1.13938 1.17126 1.19935 1.22368 1.24442 1.2619 1.27665 1.28949 1.3015 
-1.51673 -1.5034 -1.48909 -1.47257 -1.45286 -1.42923 -1.40116 -1.36827 -1.33033 -1.2872 -1.23879 -1.18497 -1.12593 -1.06203 -0.991516 -0.915312 -0.834994 -0.752754 -0.671463 -0.58055 -0.481512 -0.37652 -0.26864 -0.162169 -0.0631568 0.0185013 0.106533 0.196637 0.299384 0.406942 0.513249 0.613621 0.704857 0.785174 0.865346 0.942972 1.01605 1.08331 1.1441 1.20017 1.25121 1.29713 1.33811 1.37423 1.40564 1.43251 1.45518 1.47414 1.49006 1.50386 1.51673 
-1.76424 -1.75031 -1.73529 -1.71788 -1.69699 -1.67175 -1.64142 -1.60545 -1.56339 -1.51488 -1.45966 -1.39744 -1.3284 -1.25305 -1.16989 -1.08023 -0.986117 -0.890255 -0.796003 -0.690198 -0.574564 -0.451595 -0.324739 -0.198692 -0.0799499 0.0207878 0.12812 0.237283 0.358873 0.484522 0.607879 0.72403 0.829546 0.922445 1.01603 1.10739 1.194 1.27402 1.3464 1.41258 1.47211 1.52489 1.57127 1.61153 1.646 1.67511 1.69938 1.7195 1.73629 1.75078 1.76424 
-2.04887 -2.03479 -2.01953 -2.00175 -1.98027 -1.95404 -1.92216 -1.88379 -1.83823 -1.78482 -1.72303 -1.65232 -1.57278 -1.48502 -1.38789 -1.28312 -1.17334 -1.06185 -0.952588 -0.829235 -0.693692 -0.548757 -0.398273 -0.247384 -0.103127 0.0228974 0.15565 0.289791 0.435602 0.584088 0.728545 0.863805 0.986245 1.09374 1.20268 1.30958 1.41127 1.50533 1.59022 1.66701 1.73514 1.79459 1.84594 1.88976 1.92666 1.95736 1.98263 2.00335 2.02051 2.03526 2.04887 
-2.3762 -2.36262 -2.34782 -2.33046 -2.30931 -2.28318 -2.25095 -2.21151 -2.1638 -2.10679 -2.03954 -1.96108 -1.87126 -1.77064 -1.65847 -1.53698 -1.40944 -1.27991 -1.15307 -1.00871 -0.84885 -0.67658 -0.496162 -0.313261 -0.13554 0.0244787 0.191186 0.358519 0.535898 0.713655 0.884674 1.04351 1.18637 1.31107 1.43777 1.56227 1.68063 1.78976 1.8876 1.97481 2.05083 2.11591 2.171 2.21708 2.25517 2.2863 2.31153 2.33197 2.34875 2.36307 2.3762 
-2.75263 -2.74048 -2.72713 -2.71136 -2.69191 -2.66755 -2.63695 -2.59873 -2.55145 -2.49359 -2.42358 -2.33978 -2.24137 -2.12858 -2.00104 -1.86144 -1.71381 -1.56321 -1.41534 -1.24521 -1.05491 -0.847821 -0.628712 -0.403844 -0.181549 0.0248845 0.237651 0.449797 0.669016 0.885025 1.09026 1.27895 1.44712 1.59256 1.74016 1.88466 2.02113 2.14571 2.25585 2.35183 2.43344 2.50151 2.5577 2.60357 2.64061 2.67025 2.69385 2.71267 2.72794 2.74087 2.75263 
-3.18553 -3.176 -3.16545 -3.15284 -3.13707 -3.11695 -3.09109 -3.05794 -3.01572 -2.96234 -2.89545 -2.81223 -2.71034 -2.5888 -2.44731 -2.28886 -2.11841 -1.94241 -1.76819 -1.56484 -1.33465 -1.08158 -0.811123 -0.530217 -0.247734 0.0228802 0.29892 0.572478 0.848231 1.1156 1.36657 1.59486 1.79607 1.96784 2.14091 2.30834 2.46386 2.60264 2.72181 2.82162 2.90303 2.96839 3.02047 3.06161 3.09387 3.119 3.13854 3.15384 3.16606 3.17629 3.18553 
-3.68336 -3.67788 -3.67175 -3.66433 -3.65488 -3.6425 -3.62611 -3.60432 -3.57538 -3.53702 -3.48624 -3.41871 -3.32729 -3.20733 -3.0577 -2.88128 -2.68391 -2.47392 -2.26141 -2.00895 -1.72092 -1.40313 -1.06231 -0.70592 -0.342569 0.0160241 0.378183 0.735686 1.08862 1.42727 1.7435 2.0301 2.28092 2.49148 2.69909 2.89405 3.0682 3.21582 3.33408 3.42409 3.4905 3.54039 3.57802 3.60636 3.62765 3.64365 3.6557 3.66489 3.6721 3.67804 3.68336 
-4.25586 -4.25586 -4.25586 -4.25586 -4.25586 -4.25586 -4.25586 -4.25586 -4.25586 -4.25586 -4.25586 -4.25369 -4.21312 -4.12169 -3.98051 -3.79129 -3.55631 -3.2784 -2.96092 -2.60771 -2.22302 -1.81149 -1.37811 -0.928083 -0.466859 0 0.466859 0.928083 1.37811 1.81149 2.22302 2.60771 2.96092 3.2784 3.55631 3.79129 3.98051 4.12169 4.21312 4.25369 4.25586 4.25586 4.25586 4.25586 4.25586 4.25586 4.25586 4.25586 4.25586 4.25586 4.25586 
