0 0 0 0 0 0 0 0 0 0 0 0 -8.69517e-18 0.00865842 0.0155799 0.0207145 0.0242717 0.0266602 0.0284002 0.0300307 0.0313033 0.0246909 0.0132238 0.0026091 -0.00274133 0 0.0113312 0.0297276 0.0520881 0.0734009 0.0871119 0.0894722 0.0880869 0.0832534 0.0746513 0.0620899 0.0454763 0.0247784 -7.45716e-17 0 0 0 0 0 0 0 0 0 0 0 0 
-0.02 -0.170234 -0.170234 -0.170234 -0.170234 -0.170234 -0.170234 -0.170234 -0.170234 -0.170234 -0.170234 -0.170129 -0.16845 -0.156435 -0.144107 -0.131583 -0.118753 -0.105338 -0.0909713 -0.0752889 -0.0586987 -0.0486115 -0.0423158 -0.0345404 -0.0212662 0 0.0295125 0.0655837 0.105015 0.14278 0.172377 0.190012 0.202799 0.210855 0.213719 0.211076 0.202721 0.188534 0.16845 0.170129 0.170234 0.170234 0.170234 0.170234 0.170234 0.170234 0.170234 0.170234 0.170234 0.170234 0.02 
-0.043 -0.340469 -0.340469 -0.340469 -0.340469 -0.340469 -0.340469 -0.340469 -0.340469 -0.340469 -0.340469 -0.340258 -0.3369 -0.321529 -0.303795 -0.283881 -0.261778 -0.237336 -0.210343 -0.180609 -0.148701 -0.121914 -0.0978553 -0.07169 -0.0397912 0 0.0476938 0.10144 0.157942 0.212158 0.257643 0.290551 0.317511 0.338456 0.352787 0.360061 0.359966 0.35229 0.3369 0.340258 0.340469 0.340469 0.340469 0.340469 0.340469 0.340469 0.340469 0.340469 0.340469 0.340469 0.043 
-0.06945 -0.510703 -0.510703 -0.510703 -0.510703 -0.510703 -0.510703 -0.510703 -0.510703 -0.510703 -0.510703 -0.510386 -0.505351 -0.486622 -0.463482 -0.436179 -0.404803 -0.369334 -0.329714 -0.285928 -0.238703 -0.195216 -0.153395 -0.10884 -0.0583161 0 0.0658752 0.137296 0.210869 0.281537 0.342908 0.391091 0.432223 0.466058 0.491855 0.509047 0.517212 0.516047 0.505351 0.510386 0.510703 0.510703 0.510703 0.510703 0.510703 0.510703 0.510703 0.510703 0.510703 0.510703 0.06945 
-0.0998675 -0.680937 -0.680937 -0.680937 -0.680937 -0.680937 -0.680937 -0.680937 -0.680937 -0.680937 -0.680937 -0.680515 -0.673801 -0.651716 -0.623169 -0.588477 -0.547828 -0.501332 -0.449086 -0.391248 -0.328705 -0.268519 -0.208934 -0.145989 -0.076841 0 0.0840565 0.173152 0.263796 0.350916 0.428174 0.49163 0.546935 0.593659 0.630924 0.658033 0.674457 0.679803 0.673801 0.680515 0.680937 0.680937 0.680937 0.680937 0.680937 0.680937 0.680937 0.680937 0.680937 0.680937 0.0998675 
-0.134848 -0.851172 -0.851172 -0.851172 -0.851172 -0.851172 -0.851172 -0.851172 -0.851172 -0.851172 -0.851172 -0.850644 -0.842251 -0.816809 -0.782857 -0.740775 -0.690853 -0.63333 -0.568457 -0.496567 -0.418707 -0.341821 -0.264474 -0.183139 -0.0953659 0 0.102238 0.209008 0.316723 0.420295 0.513439 0.59217 0.661647 0.721261 0.769992 0.807019 0.831702 0.843559 0.842251 0.850644 0.851172 0.851172 0.851172 0.851172 0.851172 0.851172 0.851172 0.851172 0.851172 0.851172 0.134848 
-0.175075 -1.02141 -1.02141 -1.02141 -1.02141 -1.02141 -1.02141 -1.02141 -1.02141 -1.02141 -1.02141 -1.02077 -1.0107 -0.981903 -0.942544 -0.893073 -0.833878 -0.765328 -0.687829 -0.601887 -0.508709 -0.415124 -0.320013 -0.220288 -0.113891 0 0.120419 0.244864 0.36965 0.489673 0.598704 0.692709 0.776359 0.848862 0.90906 0.956004 0.988947 1.00731 1.0107 1.02077 1.02141 1.02141 1.02141 1.02141 1.02141 1.02141 1.02141 1.02141 1.02141 1.02141 0.175075 
-0.221336 -1.19164 -1.19164 -1.19164 -1.19164 -1.19164 -1.19164 -1.19164 -1.19164 -1.19164 -1.19164 -1.1909 -1.17915 -1.147 -1.10223 -1.04537 -0.976903 -0.897326 -0.8072 -0.707207 -0.598711 -0.488426 -0.375553 -0.257438 -0.132416 0 0.1386 0.28072 0.422577 0.559052 0.68397 0.793249 0.891071 0.976464 1.04813 1.10499 1.14619 1.17107 1.17915 1.1909 1.19164 1.19164 1.19164 1.19164 1.19164 1.19164 1.19164 1.19164 1.19164 1.19164 0.221336 
-0.274536 -1.36187 -1.36187 -1.36187 -1.36187 -1.36187 -1.36187 -1.36187 -1.36187 -1.36187 -1.36187 -1.36103 -1.3476 -1.31209 -1.26192 -1.19767 -1.11993 -1.02932 -0.926572 -0.812526 -0.688713 -0.561729 -0.431092 -0.294587 -0.150941 0 0.156782 0.316576 0.475504 0.628431 0.769235 0.893788 1.00578 1.10407 1.1872 1.25398 1.30344 1.33483 1.3476 1.36103 1.36187 1.36187 1.36187 1.36187 1.36187 1.36187 1.36187 1.36187 1.36187 1.36187 0.274536 
-0.335717 -1.53211 -1.53211 -1.53211 -1.53211 -1.53211 -1.53211 -1.53211 -1.53211 -1.53211 -1.53211 -1.53116 -1.51605 -1.47718 -1.42161 -1.34997 -1.26295 -1.16132 -1.04594 -0.917846 -0.778715 -0.635031 -0.486632 -0.331737 -0.169466 0 0.174963 0.352432 0.528431 0.69781 0.854501 0.994328 1.1205 1.23167 1.32626 1.40296 1.46068 1.49858 1.51605 1.53116 1.53211 1.53211 1.53211 1.53211 1.53211 1.53211 1.53211 1.53211 1.53211 1.53211 0.335717 
-0.406074 -1.70234 -1.70234 -1.70234 -1.70234 -1.70234 -1.70234 -1.70234 -1.70234 -1.70234 -1.70234 -1.70129 -1.6845 -1.64228 -1.58129 -1.50226 -1.40598 -1.29332 -1.16531 -1.02317 -0.868717 -0.708333 -0.542171 -0.368886 -0.18799 0 0.193144 0.388288 0.581358 0.767188 0.939766 1.09487 1.23521 1.35927 1.46533 1.55195 1.61793 1.66234 1.6845 1.70129 1.70234 1.70234 1.70234 1.70234 1.70234 1.70234 1.70234 1.70234 1.70234 1.70234 0.406074 
-0.486985 -1.87258 -1.87258 -1.87258 -1.87258 -1.87258 -1.87258 -1.87258 -1.87258 -1.87258 -1.87258 -1.87142 -1.85295 -1.80737 -1.74098 -1.65456 -1.549 -1.42532 -1.28469 -1.12849 -0.958719 -0.781636 -0.597711 -0.406036 -0.206515 0 0.211326 0.424144 0.634285 0.836567 1.02503 1.19541 1.34992 1.48687 1.6044 1.70093 1.77517 1.8261 1.85295 1.87142 1.87258 1.87258 1.87258 1.87258 1.87258 1.87258 1.87258 1.87258 1.87258 1.87258 0.486985 
-0.580033 -2.04281 -2.04281 -2.04281 -2.04281 -2.04281 -2.04281 -2.04281 -2.04281 -2.04281 -2.04281 -2.04155 -2.0214 -1.97246 -1.90067 -1.80686 -1.69203 -1.55732 -1.40406 -1.2338 -1.04872 -0.854938 -0.65325 -0.443185 -0.22504 0 0.229507 0.46 0.687212 0.905946 1.1103 1.29595 1.46463 1.61447 1.74347 1.84992 1.93242 1.98985 2.0214 2.04155 2.04281 2.04281 2.04281 2.04281 2.04281 2.04281 2.04281 2.04281 2.04281 2.04281 0.580033 
-0.687038 -2.21305 -2.21305 -2.21305 -2.21305 -2.21305 -2.21305 -2.21305 -2.21305 -2.21305 -2.21305 -2.21167 -2.18985 -2.13756 -2.06036 -1.95916 -1.83505 -1.68931 -1.52343 -1.33912 -1.13872 -0.928241 -0.70879 -0.480335 -0.243565 0 0.247688 0.495857 0.74014 0.975325 1.19556 1.39649 1.57934 1.74207 1.88254 1.9989 2.08966 2.15361 2.18985 2.21167 2.21305 2.21305 2.21305 2.21305 2.21305 2.21305 2.21305 2.21305 2.21305 2.21305 0.687038 
-0.810094 -2.38328 -2.38328 -2.38328 -2.38328 -2.38328 -2.38328 -2.38328 -2.38328 -2.38328 -2.38328 -2.3818 -2.3583 -2.30265 -2.22004 -2.11146 -1.97808 -1.82131 -1.6428 -1.44444 -1.22873 -1.00154 -0.764329 -0.517484 -0.26209 0 0.26587 0.531713 0.793067 1.0447 1.28083 1.49703 1.69406 1.86967 2.0216 2.14789 2.24691 2.31736 2.3583 2.3818 2.38328 2.38328 2.38328 2.38328 2.38328 2.38328 2.38328 2.38328 2.38328 2.38328 0.810094 
-0.951608 -2.55352 -2.55352 -2.55352 -2.55352 -2.55352 -2.55352 -2.55352 -2.55352 -2.55352 -2.55352 -2.55193 -2.52675 -2.46774 -2.37973 -2.26375 -2.1211 -1.95331 -1.76217 -1.54976 -1.31873 -1.07485 -0.819869 -0.554634 -0.280615 0 0.284051 0.567569 0.845994 1.11408 1.36609 1.59756 1.80877 1.99728 2.16067 2.29688 2.40415 2.48112 2.52675 2.55193 2.55352 2.55352 2.55352 2.55352 2.55352 2.55352 2.55352 2.55352 2.55352 2.55352 0.951608 
-1.11435 -2.72375 -2.72375 -2.72375 -2.72375 -2.72375 -2.72375 -2.72375 -2.72375 -2.72375 -2.72375 -2.72206 -2.6952 -2.63284 -2.53942 -2.41605 -2.26413 -2.08531 -1.88154 -1.65508 -1.40873 -1.14815 -0.875408 -0.591784 -0.29914 0 0.302232 0.603425 0.898921 1.18346 1.45136 1.6981 1.92348 2.12488 2.29974 2.44586 2.5614 2.64488 2.6952 2.72206 2.72375 2.72375 2.72375 2.72375 2.72375 2.72375 2.72375 2.72375 2.72375 2.72375 1.11435 
-1.3015 -2.89398 -2.89398 -2.89398 -2.89398 -2.89398 -2.89398 -2.89398 -2.89398 -2.89398 -2.89398 -2.89219 -2.86365 -2.79793 -2.6991 -2.56835 -2.40715 -2.21731 -2.00092 -1.7604 -1.49873 -1.22145 -0.930948 -0.628933 -0.317665 0 0.320414 0.639281 0.951848 1.25284 1.53662 1.79864 2.03819 2.25248 2.43881 2.59485 2.71864 2.80863 2.86365 2.89219 2.89398 2.89398 2.89398 2.89398 2.89398 2.89398 2.89398 2.89398 2.89398 2.89398 1.3015 
-1.51673 -3.06422 -3.06422 -3.06422 -3.06422 -3.06422 -3.06422 -3.06422 -3.06422 -3.06422 -3.06422 -3.06232 -3.0321 -2.96303 -2.85879 -2.72065 -2.55018 -2.3493 -2.12029 -1.86572 -1.58873 -1.29475 -0.986487 -0.666083 -0.33619 0 0.338595 0.675137 1.00477 1.32222 1.62189 1.89918 2.1529 2.38008 2.57788 2.74383 2.87589 2.97239 3.0321 3.06232 3.06422 3.06422 3.06422 3.06422 3.06422 3.06422 3.06422 3.06422 3.06422 3.06422 1.51673 
-1.76424 -3.23445 -3.23445 -3.23445 -3.23445 -3.23445 -3.23445 -3.23445 -3.23445 -3.23445 -3.23445 -3.23245 -3.20055 -3.12812 -3.01848 -2.87295 -2.6932 -2.4813 -2.23966 -1.97104 -1.67874 -1.36806 -1.04203 -0.703232 -0.354715 0 0.356776 0.710993 1.0577 1.3916 1.70716 1.99972 2.26762 2.50768 2.71694 2.89282 3.03313 3.13614 3.20055 3.23245 3.23445 3.23445 3.23445 3.23445 3.23445 3.23445 3.23445 3.23445 3.23445 3.23445 1.76424 
-2.04887 -3.40469 -3.40469 -3.40469 -3.40469 -3.40469 -3.40469 -3.40469 -3.40469 -3.40469 -3.40469 -3.40258 -3.369 -3.29321 -3.17817 -3.02524 -2.83623 -2.6133 -2.35903 -2.07636 -1.76874 -1.44136 -1.09757 -0.740382 -0.37324 0 0.374958 0.746849 1.11063 1.46098 1.79242 2.10026 2.38233 2.63528 2.85601 3.0418 3.19038 3.2999 3.369 3.40258 3.40469 3.40469 3.40469 3.40469 3.40469 3.40469 3.40469 3.40469 3.40469 3.40469 2.04887 
-2.3762 -3.57492 -3.57492 -3.57492 -3.57492 -3.57492 -3.57492 -3.57492 -3.57492 -3.57492 -3.57492 -3.5727 -3.53746 -3.45831 -3.33785 -3.17754 -2.97925 -2.7453 -2.4784 -2.18168 -1.85874 -1.51466 -1.15311 -0.777531 -0.391765 0 0.393139 0.782705 1.16356 1.53035 1.87769 2.2008 2.49704 2.76288 2.99508 3.19079 3.34762 3.46366 3.53746 3.5727 3.57492 3.57492 3.57492 3.57492 3.57492 3.57492 3.57492 3.57492 3.57492 3.57492 2.3762 
-2.75263 -3.74516 -3.74516 -3.74516 -3.74516 -3.74516 -3.74516 -3.74516 -3.74516 -3.74516 -3.74516 -3.74283 -3.70591 -3.6234 -3.49754 -3.32984 -3.12228 -2.8773 -2.59777 -2.287 -1.94874 -1.58796 -1.20865 -0.814681 -0.410289 0 0.41132 0.818561 1.21648 1.59973 1.96295 2.30134 2.61175 2.89049 3.13415 3.33978 3.50487 3.62741 3.70591 3.74283 3.74516 3.74516 3.74516 3.74516 3.74516 3.74516 3.74516 3.74516 3.74516 3.74516 2.75263 
-3.18553 -3.91539 -3.91539 -3.91539 -3.91539 -3.91539 -3.91539 -3.91539 -3.91539 -3.91539 -3.91539 -3.91296 -3.87436 -3.78849 -3.65723 -3.48214 -3.2653 -3.00929 -2.71714 -2.39232 -2.03874 -1.66126 -1.26418 -0.85183 -0.428814 0 0.429502 0.854417 1.26941 1.66911 2.04822 2.40188 2.72646 3.01809 3.27322 3.48876 3.66211 3.79117 3.87436 3.91296 3.91539 3.91539 3.91539 3.91539 3.91539 3.91539 3.91539 3.91539 3.91539 3.91539 3.18553 
-3.68336 -4.08562 -4.08562 -4.08562 -4.08562 -4.08562 -4.08562 -4.08562 -4.08562 -4.08562 -4.08562 -4.08309 -4.04281 -3.95359 -3.81692 -3.63444 -3.40833 -3.14129 -2.83652 -2.49764 -2.12875 -1.73457 -1.31972 -0.88898 -0.447339 0 0.447683 0.890273 1.32234 1.73849 2.13348 2.50242 2.84118 3.14569 3.41228 3.63775 3.81936 3.95492 4.04281 4.08309 4.08562 4.08562 4.08562 4.08562 4.08562 4.08562 4.08562 4.08562 4.08562 4.08562 3.68336 
-4.25586 -4.25586 -4.25586 -4.25586 -4.25586 -4.25586 -4.25586 -4.25586 -4.25586 -4.25586 -4.25586 -4.25322 -4.21126 -4.11868 -3.9766 -3.78673 -3.55135 -3.27329 -2.95589 -2.60296 -2.21875 -1.80787 -1.37526 -0.926129 -0.465864 0 0.465864 0.926129 1.37526 1.80787 2.21875 2.60296 2.95589 3.27329 3.55135 3.78673 3.9766 4.11868 4.21126 4.25322 4.25586 4.25586 4.25586 4.25586 4.25586 4.25586 4.25586 4.25586 4.25586 4.25586 4.25586 
